545.600000, 13277.567288, 13150.400000, 119.597399, 7.569889
545.550000, 13258.025119, 13129.950000, 120.457390, 7.617728
545.500000, 13238.492700, 13109.500000, 121.326678, 7.666022
545.450000, 13218.970172, 13089.050000, 122.205396, 7.714776
545.400000, 13199.457678, 13068.600000, 123.093681, 7.763997
545.350000, 13179.955363, 13048.150000, 123.991672, 7.813690
545.300000, 13160.463374, 13027.700000, 124.899512, 7.863862
545.250000, 13140.981863, 13007.250000, 125.817344, 7.914518
545.200000, 13121.510981, 12986.800000, 126.745316, 7.965666
545.150000, 13102.050887, 12966.350000, 127.683577, 8.017310
545.100000, 13082.601737, 12945.900000, 128.632279, 8.069458
545.050000, 13063.163695, 12925.450000, 129.591578, 8.122117
545.000000, 13043.736924, 12905.000000, 130.561632, 8.175292
544.950000, 13024.321594, 12884.550000, 131.542603, 8.228991
544.900000, 13004.917874, 12864.100000, 132.534654, 8.283221
544.850000, 12985.525940, 12843.650000, 133.537952, 8.337988
544.800000, 12966.145968, 12823.200000, 134.552668, 8.393300
544.750000, 12946.778140, 12802.750000, 135.578976, 8.449165
544.700000, 12927.422640, 12782.300000, 136.617052, 8.505588
544.650000, 12908.079656, 12761.850000, 137.667077, 8.562579
544.600000, 12888.749379, 12741.400000, 138.729235, 8.620144
544.550000, 12869.432004, 12720.950000, 139.803713, 8.678291
544.500000, 12850.127730, 12700.500000, 140.890702, 8.737028
544.450000, 12830.836760, 12680.050000, 141.990396, 8.796364
544.400000, 12811.559300, 12659.600000, 143.102995, 8.856305
544.350000, 12792.295561, 12639.150000, 144.228700, 8.916862
544.300000, 12773.045758, 12618.700000, 145.367717, 8.978041
544.250000, 12753.810110, 12598.250000, 146.520258, 9.039852
544.200000, 12734.588839, 12577.800000, 147.686537, 9.102303
544.150000, 12715.382175, 12557.350000, 148.866772, 9.165403
544.100000, 12696.190348, 12536.900000, 150.061186, 9.229162
544.050000, 12677.013595, 12516.450000, 151.270008, 9.293587
544.000000, 12657.852159, 12496.000000, 152.493470, 9.358690
543.950000, 12638.706286, 12475.550000, 153.731808, 9.424479
543.900000, 12619.576227, 12455.100000, 154.985264, 9.490963
543.850000, 12600.462238, 12434.650000, 156.254085, 9.558153
543.800000, 12581.364582, 12414.200000, 157.538522, 9.626059
543.750000, 12562.283525, 12393.750000, 158.838833, 9.694691
543.700000, 12543.219340, 12373.300000, 160.155280, 9.764060
543.650000, 12524.172305, 12352.850000, 161.488130, 9.834175
543.600000, 12505.142703, 12332.400000, 162.837655, 9.905048
543.550000, 12486.130826, 12311.950000, 164.204136, 9.976689
543.500000, 12467.136967, 12291.500000, 165.587857, 10.049110
543.450000, 12448.161431, 12271.050000, 166.989108, 10.122323
543.400000, 12429.204524, 12250.600000, 168.408186, 10.196338
543.350000, 12410.266562, 12230.150000, 169.845395, 10.271167
543.300000, 12391.347866, 12209.700000, 171.301043, 10.346823
543.250000, 12372.448764, 12189.250000, 172.775448, 10.423317
543.200000, 12353.569593, 12168.800000, 174.268931, 10.500662
543.150000, 12334.710694, 12148.350000, 175.781823, 10.578871
543.100000, 12315.872418, 12127.900000, 177.314461, 10.657957
543.050000, 12297.055122, 12107.450000, 178.867189, 10.737933
543.000000, 12278.259171, 12087.000000, 180.440360, 10.818811
542.950000, 12259.484939, 12066.550000, 182.034332, 10.900607
542.900000, 12240.732807, 12046.100000, 183.649474, 10.983333
542.850000, 12222.003165, 12025.650000, 185.286161, 11.067004
542.800000, 12203.296412, 12005.200000, 186.944778, 11.151635
542.750000, 12184.612955, 11984.750000, 188.625716, 11.237239
542.700000, 12165.953210, 11964.300000, 190.329377, 11.323832
542.650000, 12147.317603, 11943.850000, 192.056173, 11.411430
542.600000, 12128.706570, 11923.400000, 193.806522, 11.500048
542.550000, 12110.120555, 11902.950000, 195.580854, 11.589701
542.500000, 12091.560015, 11882.500000, 197.379609, 11.680407
542.450000, 12073.025414, 11862.050000, 199.203234, 11.772180
542.400000, 12054.517230, 11841.600000, 201.052191, 11.865040
542.350000, 12036.035949, 11821.150000, 202.926948, 11.959001
542.300000, 12017.582071, 11800.700000, 204.827988, 12.054083
542.250000, 11999.156105, 11780.250000, 206.755802, 12.150303
542.200000, 11980.758574, 11759.800000, 208.710895, 12.247678
542.150000, 11962.390011, 11739.350000, 210.693783, 12.346229
542.100000, 11944.050965, 11718.900000, 212.704992, 12.445973
542.050000, 11925.741994, 11698.450000, 214.745065, 12.546930
542.000000, 11907.463673, 11678.000000, 216.814554, 12.649119
541.950000, 11889.216588, 11657.550000, 218.914026, 12.752562
541.900000, 11871.001341, 11637.100000, 221.044063, 12.857278
541.850000, 11852.818546, 11616.650000, 223.205257, 12.963288
541.800000, 11834.668834, 11596.200000, 225.398219, 13.070615
541.750000, 11816.552851, 11575.750000, 227.623573, 13.179278
541.700000, 11798.471260, 11555.300000, 229.881957, 13.289302
541.650000, 11780.424737, 11534.850000, 232.174028, 13.400709
541.600000, 11762.413977, 11514.400000, 234.500455, 13.513521
541.550000, 11744.439692, 11493.950000, 236.861929, 13.627764
541.500000, 11726.502613, 11473.500000, 239.259153, 13.743460
541.450000, 11708.603487, 11453.050000, 241.692852, 13.860635
541.400000, 11690.743081, 11432.600000, 244.163766, 13.979314
541.350000, 11672.922181, 11412.150000, 246.672657, 14.099523
541.300000, 11655.141593, 11391.700000, 249.220304, 14.221289
541.250000, 11637.402145, 11371.250000, 251.807508, 14.344637
541.200000, 11619.704685, 11350.800000, 254.435088, 14.469597
541.150000, 11602.050083, 11330.350000, 257.103888, 14.596195
541.100000, 11584.439231, 11309.900000, 259.814770, 14.724461
541.050000, 11566.873047, 11289.450000, 262.568623, 14.854424
541.000000, 11549.352469, 11269.000000, 265.366355, 14.986114
540.950000, 11531.878463, 11248.550000, 268.208901, 15.119562
540.900000, 11514.452020, 11228.100000, 271.097220, 15.254800
540.850000, 11497.074156, 11207.650000, 274.032298, 15.391859
540.800000, 11479.745916, 11187.200000, 277.015144, 15.530772
540.750000, 11462.468373, 11166.750000, 280.046800, 15.671573
540.700000, 11445.242626, 11146.300000, 283.128330, 15.814296
540.650000, 11428.069809, 11125.850000, 286.260833, 15.958976
540.600000, 11410.951084, 11105.400000, 289.445434, 16.105650
540.550000, 11393.887645, 11084.950000, 292.683291, 16.254354
540.500000, 11376.880719, 11064.500000, 295.975594, 16.405125
540.450000, 11359.931568, 11044.050000, 299.323566, 16.558002
540.400000, 11343.041490, 11023.600000, 302.728465, 16.713025
540.350000, 11326.211817, 11003.150000, 306.191584, 16.870233
540.300000, 11309.443922, 10982.700000, 309.714254, 17.029669
540.250000, 11292.739215, 10962.250000, 313.297841, 17.191373
540.200000, 11276.099145, 10941.800000, 316.943755, 17.355390
540.150000, 11259.525206, 10921.350000, 320.653442, 17.521764
540.100000, 11243.018934, 10900.900000, 324.428394, 17.690540
540.050000, 11226.581908, 10880.450000, 328.270144, 17.861765
540.000000, 11210.215756, 10860.000000, 332.180271, 18.035485
539.950000, 11193.922152, 10839.550000, 336.160401, 18.211750
539.900000, 11177.702819, 10819.100000, 340.212209, 18.390610
539.850000, 11161.559535, 10798.650000, 344.337419, 18.572116
539.800000, 11145.494126, 10778.200000, 348.537806, 18.756320
539.750000, 11129.508478, 10757.750000, 352.815203, 18.943276
539.700000, 11113.604532, 10737.300000, 357.171493, 19.133039
539.650000, 11097.784287, 10716.850000, 361.608622, 19.325665
539.600000, 11082.049805, 10696.400000, 366.128592, 19.521212
539.550000, 11066.403212, 10675.950000, 370.733471, 19.719740
539.500000, 11050.846698, 10655.500000, 375.425388, 19.921310
539.450000, 11035.382524, 10635.050000, 380.206541, 20.125983
539.400000, 11020.013021, 10614.600000, 385.079197, 20.333824
539.350000, 11004.740593, 10594.150000, 390.045694, 20.544899
539.300000, 10989.567721, 10573.700000, 395.108448, 20.759274
539.250000, 10974.496967, 10553.250000, 400.269948, 20.977019
539.200000, 10959.530973, 10532.800000, 405.532768, 21.198205
539.150000, 10944.672468, 10512.350000, 410.899563, 21.422905
539.100000, 10929.924271, 10491.900000, 416.373078, 21.651193
539.050000, 10915.289292, 10471.450000, 421.956146, 21.883146
539.000000, 10900.770538, 10451.000000, 427.651695, 22.118844
538.950000, 10886.371117, 10430.550000, 433.462751, 22.358366
538.900000, 10872.094240, 10410.100000, 439.392444, 22.601796
538.850000, 10857.943225, 10389.650000, 445.444006, 22.849220
538.800000, 10843.921506, 10369.200000, 451.620782, 23.100725
538.750000, 10830.032632, 10348.750000, 457.926231, 23.356401
538.700000, 10816.280274, 10328.300000, 464.363933, 23.616341
538.650000, 10802.668232, 10307.850000, 470.937591, 23.880641
538.600000, 10789.200436, 10287.400000, 477.651038, 24.149397
538.550000, 10775.880955, 10266.950000, 484.508244, 24.422712
538.500000, 10762.714004, 10246.500000, 491.513316, 24.700688
538.450000, 10749.703944, 10226.050000, 498.670513, 24.983432
538.400000, 10736.855296, 10205.600000, 505.984243, 25.271053
538.350000, 10724.172741, 10185.150000, 513.459077, 25.563664
538.300000, 10711.661133, 10164.700000, 521.099751, 25.861382
538.250000, 10699.325501, 10144.250000, 528.911176, 26.164325
538.200000, 10687.171062, 10123.800000, 536.898446, 26.472616
538.150000, 10675.203225, 10103.350000, 545.066842, 26.786383
538.100000, 10663.427601, 10082.900000, 553.421847, 27.105754
538.050000, 10651.850013, 10062.450000, 561.969148, 27.430865
538.000000, 10640.476506, 10042.000000, 570.714653, 27.761853
537.950000, 10629.313354, 10021.550000, 579.664493, 28.098861
537.900000, 10618.367074, 10001.100000, 588.825039, 28.442036
537.850000, 10607.644435, 9980.650000, 598.202907, 28.791528
537.800000, 10597.152471, 9960.200000, 607.804978, 29.147493
537.750000, 10586.898493, 9939.750000, 617.638400, 29.510093
537.700000, 10576.890103, 9919.300000, 627.710609, 29.879493
537.650000, 10567.135203, 9898.850000, 638.029340, 30.255864
537.600000, 10557.642019, 9878.400000, 648.602638, 30.639381
537.550000, 10548.419108, 9857.950000, 659.438881, 31.030227
537.500000, 10539.475377, 9837.500000, 670.546786, 31.428590
537.450000, 10530.820100, 9817.050000, 681.935437, 31.834663
537.400000, 10522.462939, 9796.600000, 693.614292, 32.248647
537.350000, 10514.413958, 9776.150000, 705.593211, 32.670747
537.300000, 10506.683649, 9755.700000, 717.882471, 33.101177
537.250000, 10499.282947, 9735.250000, 730.492790, 33.540158
537.200000, 10492.223261, 9714.800000, 743.435345, 33.987916
537.150000, 10485.516490, 9694.350000, 756.721802, 34.444688
537.100000, 10479.175055, 9673.900000, 770.364338, 34.910717
537.050000, 10473.211921, 9653.450000, 784.375668, 35.386253
537.000000, 10467.640630, 9633.000000, 798.769074, 35.871557
536.950000, 10462.475332, 9612.550000, 813.558434, 36.366898
536.900000, 10457.730811, 9592.100000, 828.758257, 36.872554
536.850000, 10453.422527, 9571.650000, 844.383715, 37.388813
536.800000, 10449.566651, 9551.200000, 860.450679, 37.915973
536.750000, 10446.180101, 9530.750000, 876.975759, 38.454342
536.700000, 10443.280586, 9510.300000, 893.976345, 39.004241
536.650000, 10440.886650, 9489.850000, 911.470650, 39.566000
536.600000, 10439.017722, 9469.400000, 929.477760, 40.139962
536.550000, 10437.694160, 9448.950000, 948.017678, 40.726483
536.500000, 10436.937313, 9428.500000, 967.111383, 41.325930
536.450000, 10436.769574, 9408.050000, 986.780887, 41.938687
536.400000, 10437.214442, 9387.600000, 1007.049293, 42.565149
536.350000, 10438.296592, 9367.150000, 1027.940865, 43.205726
536.300000, 10440.041944, 9346.700000, 1049.481097, 43.860847
536.250000, 10442.477745, 9326.250000, 1071.696792, 44.530953
536.200000, 10445.632648, 9305.800000, 1094.616144, 45.216504
536.150000, 10449.536808, 9285.350000, 1118.268831, 45.917977
536.100000, 10454.221984, 9264.900000, 1142.686115, 46.635868
536.050000, 10459.721646, 9244.450000, 1167.900952, 47.370694
536.000000, 10466.071104, 9224.000000, 1193.948115, 48.122988
535.950000, 10473.307643, 9203.550000, 1220.864333, 48.893309
535.900000, 10481.470680, 9183.100000, 1248.688445, 49.682236
535.850000, 10490.601945, 9162.650000, 1277.461574, 50.490371
535.800000, 10500.745678, 9142.200000, 1307.227337, 51.318341
535.750000, 10511.948876, 9121.750000, 1338.032076, 52.166801
535.700000, 10524.261563, 9101.300000, 1369.925135, 53.036429
535.650000, 10537.737123, 9080.850000, 1402.959189, 53.927934
535.600000, 10552.432691, 9060.400000, 1437.190636, 54.842055
535.550000, 10568.409620, 9039.950000, 1472.680060, 55.779561
535.500000, 10585.734055, 9019.500000, 1509.492801, 56.741254
535.450000, 10604.477617, 8999.050000, 1547.699645, 57.727972
535.400000, 10624.718246, 8978.600000, 1587.377657, 58.740589
535.350000, 10646.541222, 8958.150000, 1628.611206, 59.780016
535.300000, 10670.040428, 8937.700000, 1671.493223, 60.847206
535.250000, 10695.319878, 8917.250000, 1716.126725, 61.943153
535.200000, 10722.495593, 8896.800000, 1762.626695, 63.068898
535.150000, 10751.697896, 8876.350000, 1811.122368, 64.225527
535.100000, 10783.074190, 8855.900000, 1861.760012, 65.414178
535.050000, 10816.792347, 8835.450000, 1914.706308, 66.636040
535.000000, 10853.044793, 8815.000000, 1970.152435, 67.892357
534.950000, 10892.053426, 8794.550000, 2028.318990, 69.184435
534.900000, 10934.075511, 8774.100000, 2089.461872, 70.513639
534.850000, 10979.410702, 8753.650000, 2153.879301, 71.881401
534.800000, 11028.409353, 8733.200000, 2221.920132, 73.289221
534.750000, 11081.482311, 8712.750000, 2293.993637, 74.738674
534.700000, 11139.112360, 8692.300000, 2370.580946, 76.231414
534.650000, 11201.867509, 8671.850000, 2452.248335, 77.769174
534.600000, 11270.416307, 8651.400000, 2539.662530, 79.353777
534.550000, 11345.545350, 8630.950000, 2633.608211, 80.987139
534.500000, 11428.179125, 8610.500000, 2735.007852, 82.671273
534.450000, 11519.402297, 8590.050000, 2844.943999, 84.408298
534.400000, 11620.484497, 8569.600000, 2964.684053, 86.200444
534.350000, 11732.907603, 8549.150000, 3095.707545, 88.050058
534.300000, 11858.395417, 8528.700000, 3239.735802, 89.959615
534.250000, 11998.945536, 8508.250000, 3398.763813, 91.931723
534.200000, 12156.863098, 8487.800000, 3575.093966, 93.969132
534.150000, 12334.795931, 8467.350000, 3771.371185, 96.074745
534.100000, 12535.770478, 8446.900000, 3990.618850, 98.251628
534.050000, 12763.227693, 8426.450000, 4236.274674, 100.503019
534.000000, 13021.057901, 8406.000000, 4512.225558, 102.832343
533.950000, 13313.633433, 8385.550000, 4822.840212, 105.243221
533.900000, 13645.837633, 8365.100000, 5172.998146, 107.739487
533.850000, 14023.088661, 8344.650000, 5568.113458, 110.325202
533.800000, 14451.356313, 8324.200000, 6014.151643, 113.004670
533.750000, 14937.169974, 8303.750000, 6517.637518, 115.782456
533.700000, 15487.615665, 8283.300000, 7085.652263, 118.663402
533.650000, 16110.320149, 8262.850000, 7725.817494, 121.652655
533.600000, 16813.420013, 8242.400000, 8446.264331, 124.755681
533.550000, 17605.513793, 8221.950000, 9255.585497, 127.978295
533.500000, 18495.595334, 8201.500000, 10162.768647, 131.326687
533.450000, 19492.966886, 8181.050000, 11177.109438, 134.807448
533.400000, 20607.130786, 8160.600000, 12308.103181, 138.427605
533.350000, 21847.659062, 8140.150000, 13565.314408, 142.194654
533.300000, 23224.040852, 8119.700000, 14958.224252, 146.116600
533.250000, 24745.508175, 8099.250000, 16496.056180, 150.201995
533.200000, 26420.841319, 8078.800000, 18187.581333, 154.459986
533.150000, 28258.155853, 8058.350000, 20040.905489, 158.900364
533.100000, 30264.674026, 8037.900000, 22063.240407, 163.533620
533.050000, 32446.484065, 8017.450000, 24260.663063, 168.371002
533.000000, 34808.291520, 7997.000000, 26637.866933, 173.424587
532.950000, 37353.167358, 7976.550000, 29197.910009, 178.707349
532.900000, 40082.297851, 7956.100000, 31941.964611, 184.233240
532.850000, 42994.741476, 7935.650000, 34869.074192, 190.017283
532.800000, 46087.197915, 7915.200000, 37975.922246, 196.075669
532.750000, 49353.793885, 7894.750000, 41256.618020, 202.425865
532.700000, 52785.889861, 7874.300000, 44702.503124, 209.086737
532.650000, 56371.910882, 7853.850000, 48301.982196, 216.078686
532.600000, 60097.203603, 7833.400000, 52040.379807, 223.423796
532.550000, 63943.920735, 7812.950000, 55899.824729, 231.146005
532.500000, 67890.933288, 7792.500000, 59859.161997, 239.271291
532.450000, 71913.770856, 7772.050000, 63893.892975, 247.827881
532.400000, 75984.591044, 7751.600000, 67976.144556, 256.846488
532.350000, 80072.181521, 7731.150000, 72074.670944, 266.360577
532.300000, 84142.002508, 7710.700000, 76154.895845, 276.406663
532.250000, 88156.284126, 7690.250000, 80179.009473, 287.024653
532.200000, 92074.201869, 7669.800000, 84106.143632, 298.258237
532.150000, 95852.163627, 7649.350000, 87892.658290, 310.155338
532.100000, 99444.251510, 7628.900000, 91492.582869, 322.768641
532.050000, 102802.867911, 7608.450000, 94858.261680, 336.156231
532.000000, 105879.633786, 7588.000000, 97941.251419, 350.382367
531.950000, 108626.573124, 7567.550000, 100693.504663, 365.518461
531.900000, 110997.587705, 7547.100000, 103068.843348, 381.644357
531.850000, 112950.179992, 7526.650000, 105024.679951, 398.850040
531.800000, 114447.324656, 7506.200000, 106523.886656, 417.238000
531.750000, 115459.332266, 7485.750000, 107536.655705, 436.926562
531.700000, 115965.508240, 7465.300000, 108042.153582, 458.054658
531.650000, 115955.402631, 7444.850000, 108029.763929, 480.788702
531.600000, 115429.481231, 7424.400000, 107499.748715, 505.332516
531.550000, 114399.123260, 7403.950000, 106463.231696, 531.941565
531.500000, 112885.949810, 7383.500000, 104941.506601, 560.943210
531.450000, 110920.585389, 7363.050000, 102964.770290, 592.765099
531.400000, 108541.028315, 7342.600000, 100570.453987, 627.974328
531.350000, 105790.838663, 7322.150000, 97801.358242, 667.330422
531.300000, 102717.343106, 7301.700000, 94703.787676, 711.855430
531.250000, 99370.014280, 7281.250000, 91325.839833, 762.924448
531.200000, 95799.124281, 7260.800000, 87715.944984, 822.379297
531.150000, 92054.713609, 7240.350000, 83921.696671, 892.666937
531.100000, 88185.869181, 7219.900000, 79988.967172, 977.002008
531.050000, 84240.272671, 7199.450000, 75961.272938, 1079.549734
531.000000, 80263.962777, 7179.000000, 71879.341780, 1205.620998
530.950000, 76301.248478, 7158.550000, 67780.832522, 1361.865956
530.900000, 72394.710593, 7138.100000, 63700.164323, 1556.446270
530.850000, 68585.232296, 7117.650000, 59668.422728, 1799.159568
530.800000, 64912.003637, 7097.200000, 55713.319679, 2101.483958
530.750000, 61412.449823, 7076.750000, 51859.193413, 2476.506410
530.700000, 58122.038733, 7056.300000, 48127.040710, 2938.698023
530.650000, 55073.930934, 7035.850000, 44534.578172, 3503.502762
530.600000, 52298.446854, 7015.400000, 41096.331495, 4186.715359
530.550000, 49822.341486, 6994.950000, 37823.752512, 5003.638975
530.500000, 47667.897062, 6974.500000, 34725.363580, 5968.033482
530.450000, 45851.867247, 6954.050000, 31806.928115, 7090.889132
530.400000, 44384.329739, 6933.600000, 29071.645061, 8379.084677
530.350000, 43267.523707, 6913.150000, 26520.364078, 9834.009629
530.300000, 42494.759337, 6892.700000, 24151.817320, 11450.242017
530.250000, 42049.484465, 6872.250000, 21962.863084, 13214.371381
530.200000, 41904.575794, 6851.800000, 19948.736200, 15104.039594
530.150000, 42021.893343, 6831.350000, 18103.299971, 17087.243372
530.100000, 42352.110819, 6810.900000, 16419.294618, 19121.916201
530.050000, 42834.841018, 6790.450000, 14888.577550, 21155.813468
530.000000, 43399.157542, 6770.000000, 13502.351353, 23126.806189
529.950000, 43964.810506, 6749.550000, 12251.376008, 24963.884498
529.900000, 44444.723213, 6729.100000, 11126.162614, 26589.460598
529.850000, 44749.572482, 6708.650000, 10117.146651, 27923.775831
529.800000, 44795.047460, 6688.200000, 9214.839543, 28892.007916
529.750000, 44511.401787, 6667.750000, 8409.958036, 29433.693751
529.700000, 43853.301056, 6647.300000, 7693.531498, 29512.469559
529.650000, 42806.723277, 6626.850000, 7056.987864, 29122.885413
529.600000, 41390.108976, 6606.400000, 6492.219365, 28291.489611
529.550000, 39649.281306, 6585.950000, 5991.629583, 27071.701723
529.500000, 37648.330320, 6565.500000, 5548.163620, 25534.666701
529.450000, 35459.794010, 6545.050000, 5155.323359, 23759.420651
529.400000, 33156.664102, 6524.600000, 4807.169860, 21824.894242
529.350000, 30807.103826, 6504.150000, 4498.314964, 19804.638862
529.300000, 28471.516584, 6483.700000, 4223.904108, 17763.912476
529.250000, 26201.164516, 6463.250000, 3979.592253, 15758.322263
529.200000, 24037.655015, 6442.800000, 3761.514684, 13833.340331
529.150000, 22012.905138, 6422.350000, 3566.254249, 12024.300889
529.100000, 20149.428080, 6401.900000, 3390.806437, 10356.721643
529.050000, 18460.902608, 6381.450000, 3232.543471, 8846.909138
529.000000, 16953.012208, 6361.000000, 3089.178412, 7502.833797
528.950000, 15624.521013, 6340.550000, 2958.730075, 6325.240938
528.900000, 14468.523300, 6320.100000, 2839.489370, 5308.933929
528.850000, 13473.781316, 6299.650000, 2729.987540, 4444.143776
528.800000, 12626.059253, 6279.200000, 2628.966597, 3717.892656
528.750000, 11909.368766, 6258.750000, 2535.352173, 3115.266593
528.700000, 11307.059479, 6238.300000, 2448.228852, 2620.530626
528.650000, 10802.711476, 6217.850000, 2366.818011, 2218.043465
528.600000, 10380.811152, 6197.400000, 2290.458091, 1892.953060
528.550000, 10027.213447, 6176.950000, 2218.587211, 1631.676236
528.500000, 9729.410335, 6156.500000, 2150.727952, 1422.182383
528.450000, 9476.636374, 6136.050000, 2086.474170, 1254.112204
528.400000, 9259.847513, 6115.600000, 2025.479635, 1118.767878
528.350000, 9071.609805, 6095.150000, 1967.448323, 1009.011482
528.300000, 8905.931649, 6074.700000, 1912.126166, 919.105483
528.250000, 8758.067830, 6054.250000, 1859.294099, 844.523731
528.200000, 8624.317267, 6033.800000, 1808.762214, 781.755053
528.150000, 8501.830017, 6013.350000, 1760.364890, 728.115127
528.100000, 8388.433258, 5992.900000, 1713.956742, 681.576516
528.050000, 8282.481269, 5972.450000, 1669.409276, 640.621992
528.000000, 8182.730809, 5952.000000, 1626.608128, 604.122682
527.950000, 8088.240862, 5931.550000, 1585.450798, 571.240064
527.900000, 7998.294202, 5911.100000, 1545.844800, 541.349403
527.850000, 7912.337555, 5890.650000, 1507.706137, 513.981418
527.800000, 7829.936930, 5870.200000, 1470.958065, 488.778865
527.750000, 7750.744934, 5849.750000, 1435.530078, 465.464857
527.700000, 7674.477229, 5829.300000, 1401.357075, 443.820154
527.650000, 7600.895811, 5808.850000, 1368.378683, 423.667128
527.600000, 7529.797250, 5788.400000, 1336.538695, 404.858556
527.550000, 7461.004444, 5767.950000, 1305.784600, 387.269844
527.500000, 7394.360845, 5747.500000, 1276.067205, 370.793640
527.450000, 7329.726387, 5727.050000, 1247.340304, 355.336083
527.400000, 7266.974563, 5706.600000, 1219.560405, 340.814157
527.350000, 7205.990290, 5686.150000, 1192.686497, 327.153793
527.300000, 7146.668306, 5665.700000, 1166.679845, 314.288461
527.250000, 7088.911926, 5645.250000, 1141.503818, 302.158109
527.200000, 7032.632055, 5624.800000, 1117.123732, 290.708323
527.150000, 6977.746366, 5604.350000, 1093.506714, 279.889652
527.100000, 6924.178626, 5583.900000, 1070.621581, 269.657045
527.050000, 6871.858105, 5563.450000, 1048.438728, 259.969377
527.000000, 6820.719068, 5543.000000, 1026.930028, 250.789040
526.950000, 6770.700328, 5522.550000, 1006.068744, 242.081585
526.900000, 6721.744849, 5502.100000, 985.829440, 233.815409
526.850000, 6673.799394, 5481.650000, 966.187912, 225.961482
526.800000, 6626.814207, 5461.200000, 947.121108, 218.493100
526.750000, 6580.742732, 5440.750000, 928.607068, 211.385664
526.700000, 6535.541352, 5420.300000, 910.624861, 204.616491
526.650000, 6491.169161, 5399.850000, 893.154527, 198.164634
526.600000, 6447.587755, 5379.400000, 876.177025, 192.010731
526.550000, 6404.761040, 5358.950000, 859.674181, 186.136860
526.500000, 6362.655060, 5338.500000, 843.628643, 180.526417
526.450000, 6321.237840, 5318.050000, 828.023839, 175.164001
526.400000, 6280.479242, 5297.600000, 812.843929, 170.035312
526.350000, 6240.350834, 5277.150000, 798.073776, 165.127058
526.300000, 6200.825773, 5256.700000, 783.698902, 160.426871
526.250000, 6161.878690, 5236.250000, 769.705457, 155.923233
526.200000, 6123.485595, 5215.800000, 756.080186, 151.605408
526.150000, 6085.623780, 5195.350000, 742.810402, 147.463378
526.100000, 6048.271737, 5174.900000, 729.883952, 143.487785
526.050000, 6011.409079, 5154.450000, 717.289196, 139.669883
526.000000, 5975.016466, 5134.000000, 705.014975, 136.001491
525.950000, 5939.075542, 5113.550000, 693.050596, 132.474946
525.900000, 5903.568870, 5093.100000, 681.385801, 129.083069
525.850000, 5868.479877, 5072.650000, 670.010751, 125.819126
525.800000, 5833.792800, 5052.200000, 658.916004, 122.676796
525.750000, 5799.492641, 5031.750000, 648.092497, 119.650144
525.700000, 5765.565113, 5011.300000, 637.531526, 116.733587
525.650000, 5731.996610, 4990.850000, 627.224733, 113.921877
