52.0    31
52.02   33
52.04   28
52.06   23
52.08   31
52.1    27
52.12   29
52.14   31
52.16   23
52.18   26
52.2    25
52.22   25
52.24   27
52.26   35
52.28   30
52.3    29
52.32   35
52.34   38
52.36   34
52.38   36
52.4    22
52.42   41
52.44   24
52.46   22
52.48   22
52.5    29
52.52   22
52.54   33
52.56   22
52.58   29
52.6    28
52.62   35
52.64   34
52.66   39
52.68   26
52.7    28
52.72   36
52.74   26
52.76   25
52.78   21
52.8    27
52.82   21
52.84   28
52.86   26
52.88   34
52.9    32
52.92   40
52.94   23
52.96   31
52.98   33
53.0    23
53.02   30
53.04   24
53.06   24
53.08   29
53.1    26
53.12   33
53.14   35
53.16   29
53.18   32
53.2    42
53.22   28
53.24   23
53.26   28
53.28   25
53.3    35
53.32   27
53.34   26
53.36   35
53.38   36
53.4    28
53.42   32
53.44   36
53.46   34
53.48   41
53.5    29
53.52   23
53.54   35
53.56   44
53.58   27
53.6    36
53.62   28
53.64   34
53.66   38
53.68   37
53.7    34
53.72   42
53.74   29
53.76   41
53.78   30
53.8    26
53.82   38
53.84   32
53.86   32
53.88   35
53.9    34
53.92   32
53.94   36
53.96   37
53.98   38
54.0    37
54.02   37
54.04   35
54.06   28
54.08   31
54.1    29
54.12   39
54.14   23
54.16   44
54.18   29
54.2    41
54.22   43
54.24   47
54.26   34
54.28   46
54.3    45
54.32   44
54.34   47
54.36   27
54.38   50
54.4    31
54.42   44
54.44   36
54.46   44
54.48   44
54.5    51
54.52   44
54.54   40
54.56   56
54.58   66
54.6    42
54.62   43
54.64   49
54.66   52
54.68   50
54.7    37
54.72   53
54.74   62
54.76   46
54.78   58
54.8    60
54.82   57
54.84   50
54.86   52
54.88   30
54.9    50
54.92   43
54.94   62
54.96   69
54.98   67
55.0    65
55.02   61
55.04   75
55.06   69
55.08   72
55.1    57
55.12   63
55.14   72
55.16   69
55.18   73
55.2    74
55.22   87
55.24   86
55.26   72
55.28   98
55.3    116
55.32   120
55.34   105
55.36   88
55.38   80
55.4    123
55.42   127
55.44   83
55.46   122
55.48   114
55.5    129
55.52   141
55.54   154
55.56   130
55.58   150
55.6    149
55.62   159
55.64   145
55.66   185
55.68   166
55.7    213
55.72   211
55.74   205
55.76   250
55.78   238
55.8    264
55.82   258
55.84   297
55.86   279
55.88   345
55.9    295
55.92   295
55.94   309
55.96   331
55.98   389
56.0    399
56.02   445
56.04   455
56.06   491
56.08   539
56.1    520
56.12   542
56.14   568
56.16   574
56.18   579
56.2    574
56.22   562
56.24   585
56.26   705
56.28   680
56.3    702
56.32   690
56.34   678
56.36   628
56.38   688
56.4    594
56.42   610
56.44   589
56.46   578
56.48   575
56.5    532
56.52   526
56.54   542
56.56   517
56.58   520
56.6    483
56.62   472
56.64   437
56.66   445
56.68   369
56.7    366
56.72   336
56.74   314
56.76   345
56.78   324
56.8    310
56.82   265
56.84   290
56.86   268
56.88   297
56.9    262
56.92   182
56.94   192
56.96   201
56.98   201
57.0    177
57.02   170
57.04   121
57.06   139
57.08   123
57.1    153
57.12   129
57.14   126
57.16   126
57.18   115
57.2    136
57.22   112
57.24   108
57.26   102
57.28   102
57.3    98
57.32   90
57.34   97
57.36   92
57.38   81
57.4    96
57.42   78
57.44   83
57.46   90
57.48   72
57.5    73
57.52   78
57.54   58
57.56   70
57.58   85
57.6    74
57.62   45
57.64   53
57.66   74
57.68   65
57.7    73
57.72   75
57.74   51
57.76   60
57.78   76
57.8    60
57.82   71
57.84   62
57.86   52
57.88   66
57.9    66
57.92   79
57.94   54
57.96   65
57.98   43
58.0    58
58.02   70
58.04   35
58.06   51
58.08   51
58.1    68
58.12   50
58.14   79
58.16   63
58.18   56
58.2    70
58.22   64
58.24   69
58.26   53
58.28   62
58.3    75
58.32   60
58.34   62
58.36   66
58.38   60
58.4    62
58.42   42
58.44   59
58.46   58
58.48   68
58.5    80
58.52   72
58.54   73
58.56   90
58.58   82
58.6    96
58.62   97
58.64   101
58.66   107
58.68   81
58.7    92
58.72   116
58.74   94
58.76   85
58.78   118
58.8    112
58.82   99
58.84   115
58.86   127
58.88   115
58.9    139
58.92   166
58.94   117
58.96   126
58.98   139
59.0    135
59.02   137
59.04   141
59.06   146
59.08   111
59.1    127
59.12   149
59.14   161
59.16   105
59.18   120
59.2    110
59.22   140
59.24   169
59.26   145
59.28   108
59.3    105
59.32   141
59.34   100
59.36   131
59.38   112
59.4    79
59.42   90
59.44   109
59.46   106
59.48   56
59.5    79
59.52   73
59.54   74
59.56   93
59.58   89
59.6    65
59.62   56
59.64   93
59.66   74
59.68   73
59.7    88
59.72   46
59.74   35
59.76   67
59.78   58
59.8    44
59.82   44
59.84   27
59.86   37
59.88   49
59.9    53
59.92   61
59.94   43
59.96   34
59.98   49
60.0    67
60.02   35
60.04   36
60.06   28
60.08   28
60.1    42
60.12   52
60.14   52
60.16   34
60.18   38
60.2    42
60.22   39
60.24   42
60.26   27
60.28   25
60.3    25
60.32   41
60.34   35
60.36   39
60.38   25
60.4    25
60.42   29
60.44   39
60.46   34
60.48   45
60.5    31
60.52   37
60.54   16
60.56   42
60.58   31
60.6    29
60.62   26
60.64   29
60.66   25
60.68   28
60.7    30
60.72   30
60.74   30
60.76   24
60.78   31
60.8    30
60.82   29
60.84   22
60.86   27
60.88   32
60.9    22
60.92   29
60.94   29
60.96   29
60.98   22
61.0    19
61.02   23
61.04   22
61.06   25
61.08   29
61.1    25
61.12   17
61.14   39
61.16   28
61.18   36
61.2    26
61.22   23
61.24   24
61.26   28
61.28   21
61.3    23
61.32   20
61.34   19
61.36   21
61.38   25
61.4    25
61.42   20
61.44   22
61.46   22
61.48   21
61.5    32
61.52   26
61.54   24
61.56   23
61.58   25
61.6    15
61.62   35
61.64   28
61.66   32
61.68   19
61.7    28
61.72   22
61.74   23
61.76   29
61.78   20
61.8    29
61.82   26
61.84   26
61.86   21
61.88   16
61.9    30
61.92   25
61.94   19
61.96   16
61.98   25
62.0    20
62.02   18
62.04   30
62.06   24
62.08   15
62.1    15
62.12   17
62.14   26
62.16   19
62.18   16
62.2    15
62.22   14
62.24   26
62.26   25
62.28   20
62.3    21
62.32   29
62.34   20
62.36   18
62.38   18
62.4    21
62.42   17
62.44   21
62.46   20
62.48   24
62.5    21
62.52   28
62.54   15
62.56   23
62.58   21
62.6    15
62.62   19
62.64   15
62.66   12
62.68   18
62.7    21
62.72   22
62.74   15
62.76   15
62.78   22
62.8    25
62.82   15
62.84   15
62.86   20
62.88   26
62.9    13
62.92   12
62.94   17
62.96   15
62.98   14
63.0    21
63.02   20
63.04   11
63.06   14
63.08   25
63.1    23
63.12   19
63.14   20
63.16   16
63.18   20
63.2    10
63.22   18
63.24   25
63.26   14
63.28   20
63.3    20
63.32   15
63.34   18
63.36   10
63.38   18
63.4    10
63.42   10
63.44   19
63.46   14
63.48   19
63.5    17
63.52   13
63.54   15
63.56   20
63.58   23
63.6    26
63.62   10
63.64   23
63.66   21
63.68   16
63.7    18
63.72   12
63.74   11
63.76   10
63.78   11
63.8    25
63.82   16
63.84   21
63.86   20
63.88   20
63.9    16
63.92   26
63.94   21
63.96   18
63.98   14
64.0    18
64.02   22
64.04   16
64.06   17
64.08   22
64.1    10
64.12   13
64.14   14
64.16   19
64.18   17
64.2    10
64.22   15
64.24   17
64.26   21
64.28   22
64.3    12
64.32   18
64.34   16
64.36   28
64.38   27
64.4    14
64.42   12
64.44   14
64.46   11
64.48   17
64.5    16
64.52   12
64.54   12
64.56   8
64.58   32
64.6    14
64.62   16
64.64   30
64.66   15
64.68   13
64.7    18
64.72   15
64.74   13
64.76   11
64.78   12
64.8    18
64.82   9
64.84   14
64.86   16
64.88   19
64.9    14
64.92   22
64.94   22
64.96   19
64.98   19
