# x  Fit  Background  peak0  peak1
5.200000000000000000e+01 2.617310078081986902e+01 2.327971935016648786e+01 2.712562062710082600e+00 1.808193679432981427e-01
5.202000000000000313e+01 2.626614911817799580e+01 2.334636098780833890e+01 2.737940597606710380e+00 1.818475327629492100e-01
5.203999999999999915e+01 2.635927463028372131e+01 2.341271244818062769e+01 2.763677683196592128e+00 1.828844989065024351e-01
5.206000000000000227e+01 2.645248421787649562e+01 2.347877373128289946e+01 2.789780119397692992e+00 1.839303671959008901e-01
5.207999999999999829e+01 2.654578494544667322e+01 2.354454483711560897e+01 2.816254868428996971e+00 1.849852399020653348e-01
5.210000000000000142e+01 2.663918404593989564e+01 2.361002576567875622e+01 2.843109059491162771e+00 1.860492207699776523e-01
5.211999999999999744e+01 2.673268892562172994e+01 2.367521651697188645e+01 2.870349993605576966e+00 1.871224150442674650e-01
5.214000000000000057e+01 2.682630716910911772e+01 2.374011709099545442e+01 2.897985148618341000e+00 1.882049294953251073e-01
5.215999999999999659e+01 2.692004654457045731e+01 2.380472748774923275e+01 2.926022184375285384e+00 1.892968724459401231e-01
5.217999999999999972e+01 2.701391500910705545e+01 2.386904770723344882e+01 2.954468948075114731e+00 1.903983537984915431e-01
5.220000000000000284e+01 2.710792071431772143e+01 2.393307774944764788e+01 2.983333479807385391e+00 1.915094850626894440e-01
5.221999999999999886e+01 2.720207201205934666e+01 2.399681761439251204e+01 3.012624018282942462e+00 1.926303793838908263e-01
5.224000000000000199e+01 2.729637746040376456e+01 2.406026730206735920e+01 3.042349006764405228e+00 1.937611515720000788e-01
5.225999999999999801e+01 2.739084582980799709e+01 2.412342681247241671e+01 3.072517099204618685e+00 1.949019181309634974e-01
5.228000000000000114e+01 2.748548610949857007e+01 2.418629614560791197e+01 3.103137166601775743e+00 1.960527972888813919e-01
5.229999999999999716e+01 2.758030751408174552e+01 2.424887530147339021e+01 3.134218303579616727e+00 1.972139090287409746e-01
5.232000000000000028e+01 2.767531949039163308e+01 2.431116428006953356e+01 3.165769835202302485e+00 1.983853751197974247e-01
5.234000000000000341e+01 2.777053172457846131e+01 2.437316308139565990e+01 3.197801324033198167e+00 1.995673191496054044e-01
5.235999999999999943e+01 2.786595414945688987e+01 2.443487170545222398e+01 3.230322577447938492e+00 2.007598665567281448e-01
5.238000000000000256e+01 2.796159695211531471e+01 2.449629015223899842e+01 3.263343655212181726e+00 2.019631446641351746e-01
5.239999999999999858e+01 2.805747058180449827e+01 2.455741842175621059e+01 3.296874877334985410e+00 2.031772827133019321e-01
5.242000000000000171e+01 2.815358575811209008e+01 2.461825651400340575e+01 3.330926832209646360e+00 2.044024118990378780e-01
5.243999999999999773e+01 2.824995347943981372e+01 2.467880442898103865e+01 3.365510385053724018e+00 2.056386654050492702e-01
5.246000000000000085e+01 2.834658503179049305e+01 2.473906216668888192e+01 3.400636686661341557e+00 2.068861784402661608e-01
5.247999999999999687e+01 2.844349199788351967e+01 2.479902972712693554e+01 3.436317182480641108e+00 2.081450882759401932e-01
5.250000000000000000e+01 2.854068626660971120e+01 2.485870711029542690e+01 3.472563622030736763e+00 2.094155342835454237e-01
5.252000000000000313e+01 2.863818004283975682e+01 2.491809431619390125e+01 3.509388068672368632e+00 2.106976579734875787e-01
5.253999999999999915e+01 2.873598585760561974e+01 2.497719134482304071e+01 3.546802909747923671e+00 2.119916030346547797e-01
5.256000000000000227e+01 2.883411657866372124e+01 2.503599819618216316e+01 3.584820867106734532e+00 2.132975153748234154e-01
5.257999999999999829e+01 2.893258542146609358e+01 2.509451487027172334e+01 3.623455008032429259e+00 2.146155431619389264e-01
5.260000000000000142e+01 2.903140596054812761e+01 2.515274136709149388e+01 3.662718756590332081e+00 2.159458368663013661e-01
5.261999999999999744e+01 2.913059214135804353e+01 2.521067768664124742e+01 3.702625905413129193e+00 2.172885493036674220e-01
5.264000000000000057e+01 2.923015829254569198e+01 2.526832382892166606e+01 3.743190627944719129e+00 2.186438356793039828e-01
5.265999999999999659e+01 2.933011913872764254e+01 2.532567979393229507e+01 3.784427491162344559e+00 2.200118536330047669e-01
5.267999999999999972e+01 2.943048981375723017e+01 2.538274558167313444e+01 3.826351468798987909e+00 2.213927632851060145e-01
5.270000000000000284e+01 2.953128587451594811e+01 2.543952119214418417e+01 3.868977955088248155e+00 2.227867272835163392e-01
5.271999999999999886e+01 2.963252331525335848e+01 2.549600662534567164e+01 3.912322779055890987e+00 2.241939108517938262e-01
5.274000000000000199e+01 2.973421858249837157e+01 2.555220188127714209e+01 3.956402219382934682e+00 2.256144818382960215e-01
5.275999999999999801e+01 2.983638859057223414e+01 2.560810695993927766e+01 4.001233019866534235e+00 2.270486107664229369e-01
5.278000000000000114e+01 2.993905073772386771e+01 2.566372186133116884e+01 4.046832405506703978e+00 2.284964708859941185e-01
5.279999999999999716e+01 3.004222292292715579e+01 2.571904658545372513e+01 4.093218099247659225e+00 2.299582382257748525e-01
5.282000000000000028e+01 3.014592356335863954e+01 2.577408113230649178e+01 4.140408339404953786e+00 2.314340916471943344e-01
5.284000000000000341e+01 3.025017161259907894e+01 2.582882550188946880e+01 4.188421897810338024e+00 2.329242128992744243e-01
5.285999999999999943e+01 3.035498657958628499e+01 2.588327969420265617e+01 4.237278098708817886e+00 2.344287866748103188e-01
5.288000000000000256e+01 3.046038854835761356e+01 2.593744370924605391e+01 4.286996838443725366e+00 2.359480006678327246e-01
5.289999999999999858e+01 3.056639819862001062e+01 2.599131754702011676e+01 4.337598605967516008e+00 2.374820456323786799e-01
5.292000000000000171e+01 3.067303682718524271e+01 2.604490120752393523e+01 4.389104504218690472e+00 2.390311154426182638e-01
5.293999999999999773e+01 3.078032637031923713e+01 2.609819469075841880e+01 4.441536272406461094e+00 2.405954071543572881e-01
5.296000000000000085e+01 3.088828942703911196e+01 2.615119799672288536e+01 4.494916309248256248e+00 2.421751210679709554e-01
5.297999999999999687e+01 3.099694928341698841e+01 2.620391112541778966e+01 4.549267697206412997e+00 2.437704607927838329e-01
5.300000000000000000e+01 3.110632993793014833e+01 2.625633407684290432e+01 4.604614227774284529e+00 2.453816333129587857e-01
5.302000000000000313e+01 3.121645612791694901e+01 2.630846685099845672e+01 4.660980427863577802e+00 2.470088490549134930e-01
5.303999999999999915e+01 3.132735335718929548e+01 2.636030944788421948e+01 4.718391587348756744e+00 2.486523219563208376e-01
5.306000000000000227e+01 3.143904792486356570e+01 2.641186186749996523e+01 4.776873787826874107e+00 2.503122695367298589e-01
5.307999999999999829e+01 3.155156695547072943e+01 2.646312410984637609e+01 4.836453932654508847e+00 2.519889129698464347e-01
5.310000000000000142e+01 3.166493843040813516e+01 2.651409617492276993e+01 4.897159778327831781e+00 2.536824771575310056e-01
5.311999999999999744e+01 3.177919122080958303e+01 2.656477806272960152e+01 4.959019967274440610e+00 2.553931908055433464e-01
5.314000000000000057e+01 3.189435512189849220e+01 2.661516977326641609e+01 5.022064062130976225e+00 2.571212865010999438e-01
5.315999999999999659e+01 3.201046088890954877e+01 2.666527130653366839e+01 5.086322581583601732e+00 2.588670007922755367e-01
5.317999999999999972e+01 3.212754027465493323e+01 2.671508266253135844e+01 5.151827037854254776e+00 2.606305742693181826e-01
5.320000000000000284e+01 3.224562606882651039e+01 2.676460384125925884e+01 5.218609975919340727e+00 2.624122516479105993e-01
5.321999999999999886e+01 3.236475213912564186e+01 2.681383484271736961e+01 5.286705014553824356e+00 2.642122818544480056e-01
5.324000000000000199e+01 3.248495347431776992e+01 2.686277566690569074e+01 5.356146889298694980e+00 2.660309181133835854e-01
5.325999999999999801e+01 3.260626622931675200e+01 2.691142631382444961e+01 5.426971497455608251e+00 2.678684180366894818e-01
5.328000000000000114e+01 3.272872777240861097e+01 2.695978678347319146e+01 5.499215945219907198e+00 2.697250437155090386e-01
5.329999999999999716e+01 3.285237673473518782e+01 2.700785707585259843e+01 5.572918597068542645e+00 2.716010618140468624e-01
5.332000000000000028e+01 3.297725306215624386e+01 2.705563719096198838e+01 5.648119127528482331e+00 2.734967436657713136e-01
5.334000000000000341e+01 3.310339806963112608e+01 2.710312712880181607e+01 5.724858575457322907e+00 2.754123653719824372e-01
5.335999999999999943e+01 3.323085449825214965e+01 2.715032688937162675e+01 5.803179400977693803e+00 2.773482079028242731e-01
5.338000000000000256e+01 3.335966657508809163e+01 2.719723647267210254e+01 5.883125545215176722e+00 2.793045572008066024e-01
5.339999999999999858e+01 3.348988007598844518e+01 2.724385587870256131e+01 5.964742492998984957e+00 2.812817042868990813e-01
5.342000000000000171e+01 3.362154239152884827e+01 2.729018510746345783e+01 6.048077338696102423e+00 2.832799453692904090e-01
5.343999999999999773e+01 3.375470259626811753e+01 2.733622415895433733e+01 6.133178855358913495e+00 2.852995819548662104e-01
5.346000000000000085e+01 3.388941152151944891e+01 2.738197303317565456e+01 6.220097567380286741e+00 2.873409209635062189e-01
5.347999999999999687e+01 3.402572183183342958e+01 2.742743173012740954e+01 6.308885826860762158e+00 2.894042748452622660e-01
5.350000000000000000e+01 3.416368810541800372e+01 2.747260024980914750e+01 6.399597893908333113e+00 2.914899617005191623e-01
5.352000000000000313e+01 3.430336691872856392e+01 2.751747859222132320e+01 6.492290021104035525e+00 2.935983054032079709e-01
5.353999999999999915e+01 3.444481693547511014e+01 2.756206675736370926e+01 6.587020542384226296e+00 2.957296357271745335e-01
5.356000000000000227e+01 3.458809900031882734e+01 2.760636474523653305e+01 6.683849966606505433e+00 2.978842884757932907e-01
5.357999999999999829e+01 3.473327623753869631e+01 2.765037255583933984e+01 6.782841076084447529e+00 3.000626056149098275e-01
5.360000000000000142e+01 3.488041415497963271e+01 2.769409018917281173e+01 6.884059030397589041e+00 3.022649354092328267e-01
5.361999999999999744e+01 3.502958075360084678e+01 2.773751764523626662e+01 6.987571475802329957e+00 3.044916325622532560e-01
5.364000000000000057e+01 3.518084664298471154e+01 2.778065492402993186e+01 7.093448660594961375e+00 3.067430583598204641e-01
5.365999999999999659e+01 3.533428516317186308e+01 2.782350202555403484e+01 7.201763556800376165e+00 3.090195808174583392e-01
5.367999999999999972e+01 3.548997251322946767e+01 2.786605894980834819e+01 7.312591988589562497e+00 3.113215748315629749e-01
5.370000000000000284e+01 3.564798788698293208e+01 2.790832569679287190e+01 7.426012767855492136e+00 3.136494223345689947e-01
5.371999999999999886e+01 3.580841361637279618e+01 2.795030226650783334e+01 7.542107837410729765e+00 3.160035124542289187e-01
5.374000000000000199e+01 3.597133532293288738e+01 2.799198865895300514e+01 7.660962422302761254e+00 3.183842416771203165e-01
5.375999999999999801e+01 3.613684207792456959e+01 2.803338487412815994e+01 7.782665189779901738e+00 3.207920140165020362e-01
5.378000000000000114e+01 3.630502657170067948e+01 2.807449091203397984e+01 7.907308418482025481e+00 3.232272411846739413e-01
5.379999999999999716e+01 3.647598529291113323e+01 2.811530677266978273e+01 8.034988177471399595e+00 3.256903427699504028e-01
5.382000000000000028e+01 3.664981871822301684e+01 2.815583245603602336e+01 8.165804515768568805e+00 3.281817464184204058e-01
5.384000000000000341e+01 3.682663151325970574e+01 2.819606796213247435e+01 8.299861663106618437e+00 3.307018880206134548e-01
5.385999999999999943e+01 3.700653274553746996e+01 2.823601329095913570e+01 8.437268242675088459e+00 3.332512119032456366e-01
5.388000000000000256e+01 3.718963611022609683e+01 2.827566844251623479e+01 8.578137496683670093e+00 3.358301710261967776e-01
5.389999999999999858e+01 3.737606016962978117e+01 2.831503341680354424e+01 8.722587525641365858e+00 3.384392271848741807e-01
5.392000000000000171e+01 3.756592860735941031e+01 2.835410821382106406e+01 8.870741542320194739e+00 3.410788512181516241e-01
5.393999999999999773e+01 3.775937049823873082e+01 2.839289283356902160e+01 9.022728141447675654e+00 3.437495232220362240e-01
5.396000000000000085e+01 3.795652059507709453e+01 2.843138727604718952e+01 9.178681586260633907e+00 3.464517327692709925e-01
5.397999999999999687e+01 3.815751963353282150e+01 2.846959154125534042e+01 9.338742113142441070e+00 3.491859791350330755e-01
5.400000000000000000e+01 3.836251465639370650e+01 2.850750562919392905e+01 9.503056255670820462e+00 3.519527715289540448e-01
5.402000000000000313e+01 3.857165935870737883e+01 2.854512953986295543e+01 9.671777189510788020e+00 3.547526293336334957e-01
5.403999999999999915e+01 3.878511445532397062e+01 2.858246327326196479e+01 9.845065099712122958e+00 3.575860823498813179e-01
5.406000000000000227e+01 3.900304807254235584e+01 2.861950682939163926e+01 1.002308757210182399e+01 3.604536710488956963e-01
5.407999999999999829e+01 3.922563616569083678e+01 2.865626020825129672e+01 1.020602001060795239e+01 3.633559468315929464e-01
5.410000000000000142e+01 3.945306296465026463e+01 2.869272340984116454e+01 1.039404608251375173e+01 3.662934722953464783e-01
5.411999999999999744e+01 3.968552144948304772e+01 2.872889643416147010e+01 1.058735819381323218e+01 3.692668215083486083e-01
5.414000000000000057e+01 3.992321385854113913e+01 2.876477928121198602e+01 1.078615799703727873e+01 3.722765802918758249e-01
5.415999999999999659e+01 4.016635223163118695e+01 2.880037195099271230e+01 1.099065693412778799e+01 3.753233465106889932e-01
5.417999999999999972e+01 4.041515899105217358e+01 2.883567444350364894e+01 1.120107681717665571e+01 3.784077303718679786e-01
5.420000000000000284e+01 4.066986756357798782e+01 2.887068675874502333e+01 1.141765045010063240e+01 3.815303547323334321e-01
5.421999999999999886e+01 4.093072304674480932e+01 2.890540889671660807e+01 1.164062229461283060e+01 3.846918554153695990e-01
5.424000000000000199e+01 4.119798292311990906e+01 2.893984085741863055e+01 1.187024918416483388e+01 3.878928815364415250e-01
5.425999999999999801e+01 4.147191782657176162e+01 2.897398264085063602e+01 1.210680108988251646e+01 3.911340958386100297e-01
5.428000000000000114e+01 4.175281236495929704e+01 2.900783424701307922e+01 1.235056194290831932e+01 3.944161750378957221e-01
5.429999999999999716e+01 4.204096600407144990e+01 2.904139567590573279e+01 1.260183051798681930e+01 3.977398101788970908e-01
5.432000000000000028e+01 4.233669401814177036e+01 2.907466692752882409e+01 1.286092138361189363e+01 4.011057070010509151e-01
5.434000000000000341e+01 4.264032851277479352e+01 2.910764800188189838e+01 1.312816592457703635e+01 4.045145863158617350e-01
5.435999999999999943e+01 4.295221952672439869e+01 2.914033889896541041e+01 1.340391344336347501e+01 4.079671843955104960e-01
5.438000000000000256e+01 4.327273621960564753e+01 2.917273961877913280e+01 1.368853234745329317e+01 4.114642533732250640e-01
5.439999999999999858e+01 4.360226815336431372e+01 2.920485016132306555e+01 1.398241143038544365e+01 4.150065616558069603e-01
5.442000000000000171e+01 4.394122667613741129e+01 2.923667052659743604e+01 1.428596125519120186e+01 4.185948943487731166e-01
5.443999999999999773e+01 4.429004641804875320e+01 2.926820071460201689e+01 1.459961564975222004e+01 4.222300536945146066e-01
5.446000000000000085e+01 4.464918690951395774e+01 2.929944072533703547e+01 1.492383332465294465e+01 4.259128595239740633e-01
5.447999999999999687e+01 4.501913433375725049e+01 2.933039055880203705e+01 1.525909962523293650e+01 4.296441497222767691e-01
5.450000000000000000e+01 4.540040342654659611e+01 2.936105021499747636e+01 1.560592843084026704e+01 4.334247807088573712e-01
5.452000000000000313e+01 4.579353953757181728e+01 2.939141969392289866e+01 1.596486421571635894e+01 4.372556279325559014e-01
5.453999999999999915e+01 4.619912086953635821e+01 2.942149899557875870e+01 1.633648428757534887e+01 4.411375863822551979e-01
5.456000000000000227e+01 4.661776091284284718e+01 2.945128811996505647e+01 1.672140122176417876e+01 4.450715711136094543e-01
5.457999999999999829e+01 4.705011109581908357e+01 2.948078706708156460e+01 1.712026551094508520e+01 4.490585177924291682e-01
5.460000000000000142e+01 4.749686367276354559e+01 2.950999583692828310e+01 1.753376845257988847e+01 4.530993832553669720e-01
5.461999999999999744e+01 4.795875487470505760e+01 2.953891442950521196e+01 1.796264529911136165e+01 4.571951460884907115e-01
5.464000000000000057e+01 4.843656835075953637e+01 2.956754284481257855e+01 1.840767869872250984e+01 4.613468072244507612e-01
5.465999999999999659e+01 4.893113893132934322e+01 2.959588108285015551e+01 1.886970245792030809e+01 4.655553905588769581e-01
5.467999999999999972e+01 4.944335674821432036e+01 2.962392914361794283e+01 1.934960566100960122e+01 4.698219435867698746e-01
5.470000000000000284e+01 4.997417175103743148e+01 2.965168702711594051e+01 1.984833718586190798e+01 4.741475380595823186e-01
5.471999999999999886e+01 5.052459866430778845e+01 2.967915473334414855e+01 2.036691066029983688e+01 4.785332706638050770e-01
5.474000000000000199e+01 5.109572243503929911e+01 2.970633226230279433e+01 2.090640990901465202e+01 4.829802637218522654e-01
5.475999999999999801e+01 5.168870422718003965e+01 2.973321961399165048e+01 2.146799494727231306e+01 4.874896659160699031e-01
5.478000000000000114e+01 5.230478802633599145e+01 2.975981678841094435e+01 2.205290858488825378e+01 4.920626530367895879e-01
5.479999999999999716e+01 5.294530792644263073e+01 2.978612378556022122e+01 2.266248371212711632e+01 4.967004287552939656e-01
5.482000000000000028e+01 5.361169617934071141e+01 2.981214060544016320e+01 2.329815134847784819e+01 5.014042254227017992e-01
5.484000000000000341e+01 5.430549209871649907e+01 2.983786724804986079e+01 2.396144954577091468e+01 5.061753048957206014e-01
5.485999999999999943e+01 5.502835192177894896e+01 2.986330371339022349e+01 2.465403324899837045e+01 5.110149593903496879e-01
5.488000000000000256e+01 5.578205974543625700e+01 2.988845000146056918e+01 2.537768523161108547e+01 5.159245123646071240e-01
5.489999999999999858e+01 5.656853966882703588e+01 2.991330611226135261e+01 2.613432823713429087e+01 5.209053194313946200e-01
5.492000000000000171e+01 5.738986929090124534e+01 2.993787204579257377e+01 2.692603847580593524e+01 5.259587693027327759e-01
5.493999999999999773e+01 5.824829473051892847e+01 2.996214780205377792e+01 2.775506064369860226e+01 5.310862847665507314e-01
5.496000000000000085e+01 5.914624735725005422e+01 2.998613338104541981e+01 2.862382465250725261e+01 5.362893236973816924e-01
5.497999999999999687e+01 6.008636244373820290e+01 3.000982878276727206e+01 2.953496428086867809e+01 5.415693801022557485e-01
5.500000000000000000e+01 6.107149997508138028e+01 3.003323400721933467e+01 3.049133798265877715e+01 5.469279852032692402e-01
5.502000000000000313e+01 6.210476787687120037e+01 3.005634905440160765e+01 3.149605211391135029e+01 5.523667085582442127e-01
5.503999999999999915e+01 6.318954795104991717e+01 3.007917392431454573e+01 3.255248686751429688e+01 5.578871592210737917e-01
5.506000000000000227e+01 6.432952483681053479e+01 3.010170861695723943e+01 3.366432523290994538e+01 5.634909869433527563e-01
5.507999999999999829e+01 6.552871834156402997e+01 3.012395313233037086e+01 3.483558532581468370e+01 5.691798834189611966e-01
5.510000000000000142e+01 6.679151951308097068e+01 3.014590747043394003e+01 3.607065645907359652e+01 5.749555835734243558e-01
5.511999999999999744e+01 6.812273084653500632e+01 3.016757163126771957e+01 3.737433934836744243e+01 5.808198668998384440e-01
5.514000000000000057e+01 6.952761103687785749e+01 3.018894561483170946e+01 3.875189086320278875e+01 5.867745588433619375e-01
5.515999999999999659e+01 7.101192469461697954e+01 3.021002942112590972e+01 4.020907374125481937e+01 5.928215322362476725e-01
5.517999999999999972e+01 7.258199743779032076e+01 3.023082305015054772e+01 4.175221167885415952e+01 5.989627087855996512e-01
5.520000000000000284e+01 7.424477674976543540e+01 3.025132650190539607e+01 4.338825018724401872e+01 6.052000606160234941e-01
5.521999999999999886e+01 7.600789894570320371e+01 3.027153977639045479e+01 4.512482355744320017e+01 6.115356118695607357e-01
5.524000000000000199e+01 7.787976251308575115e+01 3.029146287360572387e+01 4.697032819911469659e+01 6.179714403653302490e-01
5.525999999999999801e+01 7.986960797573601667e+01 3.031109579355143069e+01 4.893400250286315867e+01 6.245096793214229836e-01
5.528000000000000114e+01 8.198760426729280937e+01 3.033043853622734787e+01 5.102601321192365447e+01 6.311525191418023706e-01
5.529999999999999716e+01 8.424494137938928873e+01 3.034949110163347541e+01 5.325754806848485146e+01 6.379022092709574210e-01
5.532000000000000028e+01 8.665392876170250247e+01 3.036825348976981331e+01 5.564091421181334596e+01 6.447610601193543012e-01
5.534000000000000341e+01 8.922809858526908044e+01 3.038672570063658895e+01 5.818964143956976898e+01 6.517314450627156308e-01
5.535999999999999943e+01 9.198231252757778975e+01 3.040490773423357496e+01 6.091858899082574652e+01 6.588158025184618349e-01
5.538000000000000256e+01 9.493287018975897240e+01 3.042279959056077132e+01 6.384405396109548292e+01 6.660166381027136095e-01
5.539999999999999858e+01 9.809761660727261301e+01 3.044040126961840542e+01 6.698387881078276962e+01 6.733365268714374130e-01
5.542000000000000171e+01 1.014960455642376331e+02 3.045771277140602251e+01 7.035755467718203704e+01 6.807781156495793518e-01
5.543999999999999773e+01 1.051493945714649101e+02 3.047473409592430471e+01 7.398631635008851504e+01 6.883441254520902275e-01
5.546000000000000085e+01 1.090807264300903654e+02 3.049146524317256990e+01 7.789322383291668928e+01 6.960373540011060012e-01
5.547999999999999687e+01 1.133149912953304721e+02 3.050790621315104545e+01 8.210322440383582432e+01 7.038606783435977787e-01
5.550000000000000000e+01 1.178790621076915528e+02 3.052405700585995874e+01 8.664318804425738563e+01 7.118170575742093220e-01
5.552000000000000313e+01 1.228017352124106480e+02 3.053991762129908238e+01 9.154190805544351406e+01 7.199095356680587088e-01
5.553999999999999915e+01 1.281136869953682549e+02 3.055548805946841640e+01 9.683005769147113995e+01 7.281412444287065355e-01
5.556000000000000227e+01 1.338473764909397801e+02 3.057076832036796077e+01 1.025400927640151565e+02 7.365154065566590358e-01
5.557999999999999829e+01 1.400368832428206360e+02 3.058575840399817025e+01 1.087060894999784324e+02 7.450353388440518199e-01
5.560000000000000142e+01 1.467176693122272866e+02 3.060045831035813535e+01 1.153635065463675744e+02 7.537044555015892655e-01
5.561999999999999744e+01 1.539262543265395777e+02 3.061486803944876556e+01 1.225488600154668575e+02 7.625262716239464833e-01
5.564000000000000057e+01 1.616997929478733340e+02 3.062898759126937875e+01 1.302993009498035804e+02 7.715044068003878985e-01
5.565999999999999659e+01 1.700755452156590195e+02 3.064281696582042969e+01 1.386520856609610632e+02 7.806425888775236910e-01
5.567999999999999972e+01 1.790902319734388470e+02 3.065635616310191836e+01 1.476439311524552238e+02 7.899446578816937681e-01
5.570000000000000284e+01 1.887792701039574297e+02 3.066960518311339001e+01 1.573102503507353447e+02 7.994145701087039813e-01
5.571999999999999886e+01 1.991758856203929611e+02 3.068256402585529941e+01 1.676842651921484446e+02 8.090564023892268253e-01
5.574000000000000199e+01 2.103101068116611998e+02 3.069523269132719179e+01 1.787959997637954643e+02 8.188743565385474543e-01
5.575999999999999801e+01 2.222076445895566223e+02 3.070761117952974928e+01 1.906711606460270616e+02 8.288727639998092478e-01
5.578000000000000114e+01 2.348886728559963331e+02 3.071969949046228976e+01 2.033299172748434671e+02 8.390560906905673022e-01
5.579999999999999716e+01 2.483665279615809425e+02 3.073149762412526798e+01 2.167856013953928596e+02 8.494289420628040599e-01
5.582000000000000028e+01 2.626463529627913545e+02 3.074300558051845655e+01 2.310433513138855233e+02 8.599960683873916212e-01
5.584000000000000341e+01 2.777237191410366108e+02 3.075422335964185550e+01 2.460987334111204063e+02 8.707623702743605421e-01
5.585999999999999943e+01 2.935832638031285455e+02 3.076515096149546480e+01 2.619363799371918162e+02 8.817329044412409722e-01
5.588000000000000256e+01 3.101973893698969391e+02 3.077578838607951184e+01 2.785286880940751075e+02 8.929128897422942135e-01
5.589999999999999858e+01 3.275250737754381589e+02 3.078613563339376924e+01 2.958346304285721544e+02 9.043077134722312671e-01
5.592000000000000171e+01 3.455108458273301721e+02 3.079619270343823700e+01 3.137987301859329818e+02 9.159229379589431952e-01
5.593999999999999773e+01 3.640839810106967320e+02 3.080595959621314250e+01 3.323502571070231397e+02 9.277643074604334794e-01
5.596000000000000085e+01 3.831579728887605256e+02 3.081543631171803099e+01 3.514026988216601808e+02 9.398377553822891972e-01
5.597999999999999687e+01 4.026303324563520505e+02 3.082462284995358459e+01 3.708535601945657163e+02 9.521494118327742395e-01
5.600000000000000000e+01 4.223827623372179687e+02 3.083351921091912118e+01 3.905845375147649179e+02 9.647056115339247562e-01
5.602000000000000313e+01 4.422817444973458691e+02 3.084212539461509550e+01 4.104621062006228840e+02 9.775129021079027591e-01
5.603999999999999915e+01 4.621795692398030724e+02 3.085044140104105281e+01 4.303385497860027158e+02 9.905780527592775719e-01
5.606000000000000227e+01 4.819158198737047769e+02 3.085846723019767524e+01 4.500534445801320089e+02 1.003908063375072990e+00
5.607999999999999829e+01 5.013193120004134471e+02 3.086620288208428065e+01 4.694355989442634041e+02 1.017510174065751283e+00
5.610000000000000142e+01 5.202104693827819801e+02 3.087364835670109642e+01 4.883054291509089353e+02 1.031391875171964623e+00
5.611999999999999744e+01 5.384041005491246779e+02 3.088080365404834993e+01 5.064777359773131025e+02 1.045560917763202147e+00
5.614000000000000057e+01 5.557125224401675041e+02 3.088766877412581380e+01 5.237648283413852823e+02 1.060025324656464152e+00
5.615999999999999659e+01 5.719489604136769003e+02 3.089424371693371540e+01 5.399799232947585779e+02 1.074793401984574404e+00
5.617999999999999972e+01 5.869311386868056388e+02 3.090052848247160000e+01 5.549407364529880624e+02 1.089873751346014830e+00
5.620000000000000284e+01 6.004849626984987481e+02 3.090652307073992233e+01 5.684731643451889340e+02 1.105275282569930129e+00
5.621999999999999886e+01 6.124481857103929769e+02 3.091222748173845503e+01 5.804149510015220130e+02 1.121007227132471806e+00
5.624000000000000199e+01 6.226739468896175822e+02 3.091764171546742546e+01 5.906192260218872434e+02 1.137079152262880255e+00
5.625999999999999801e+01 6.310340675996299069e+02 3.092276577192660625e+01 5.989578008519230252e+02 1.153500975780270998e+00
5.628000000000000114e+01 6.374219969066554086e+02 3.092759965111577003e+01 6.053241142738345388e+02 1.170282981705094816e+00
5.629999999999999716e+01 6.417553063770947119e+02 3.093214335303559892e+01 6.096357271873672516e+02 1.187435836691874691e+00
5.632000000000000028e+01 6.439776478217198701e+02 3.093639687768541080e+01 6.118362803367009519e+02 1.204970607333467614e+00
5.634000000000000341e+01 6.440601052051198394e+02 3.094036022506566042e+01 6.118968462016640615e+02 1.222898778390133501e+00
5.635999999999999943e+01 6.420018927243202143e+02 3.094403339517612039e+01 6.098166270571432506e+02 1.241232272000828862e+00
5.638000000000000256e+01 6.378303741189199627e+02 3.094741638801679073e+01 6.056229742629652719e+02 1.259983467937942692e+00
5.639999999999999858e+01 6.316004025222490554e+02 3.095050920358789881e+01 5.993707280936901043e+02 1.279165224971049897e+00
5.642000000000000171e+01 6.233930044430887847e+02 3.095331184188921725e+01 5.911409016977893316e+02 1.298790903410194764e+00
5.643999999999999773e+01 6.133134546230528485e+02 3.095582430292074605e+01 5.810387559312281383e+02 1.318874388903947148e+00
5.646000000000000085e+01 6.014888094551578206e+02 3.095804658668225784e+01 5.691913327509021201e+02 1.339430117573387591e+00
5.647999999999999687e+01 5.880649844162870750e+02 3.095997869317443474e+01 5.557445326205439642e+02 1.360473102568702686e+00
5.650000000000000000e+01 5.732034747875961784e+02 3.096162062239682200e+01 5.408598352030574006e+02 1.382018962141966512e+00
5.652000000000000313e+01 5.570778282697642680e+02 3.096297237434941962e+01 5.247107719460785802e+02 1.404083949336228265e+00
5.653999999999999915e+01 5.398699826540920412e+02 3.096403394903222761e+01 5.074792637216607432e+02 1.426684983399008289e+00
5.656000000000000227e+01 5.217665814601647298e+02 3.096480534644547333e+01 4.893519364306829402e+02 1.449839683036274973e+00
5.657999999999999829e+01 5.029553756228565362e+02 3.096528656658892942e+01 4.705165226546357076e+02 1.473566401631900114e+00
5.660000000000000142e+01 4.836218103620096826e+02 3.096547760946259586e+01 4.511584484879795127e+02 1.497884264567572510e+00
5.661999999999999744e+01 4.639458839448994354e+02 3.096537847506670005e+01 4.314576922610444853e+02 1.522813208788257100e+00
5.664000000000000057e+01 4.440993499421767297e+02 3.096498916340078722e+01 4.115859867540056598e+02 1.548374024770294177e+00
5.665999999999999659e+01 4.242433176604076266e+02 3.096430967446531213e+01 3.917044195848811228e+02 1.574588401061194576e+00
5.667999999999999972e+01 4.045262876141206334e+02 3.096334000826004740e+01 3.719614686342861773e+02 1.601478971574397336e+00
5.670000000000000284e+01 3.850826410629193219e+02 3.096208016478522040e+01 3.524914915322975730e+02 1.629069365836550043e+00
5.671999999999999886e+01 3.660315855944215855e+02 3.096053014404037640e+01 3.334136711879795598e+02 1.657384262401652597e+00
5.674000000000000199e+01 3.474765431822051482e+02 3.095868994602619750e+01 3.148314037905151395e+02 1.686449445663794400e+00
5.675999999999999801e+01 3.295049536461037860e+02 3.095655957074200160e+01 2.968321022090421479e+02 1.716291866319652692e+00
5.678000000000000114e+01 3.121884553881940860e+02 3.095413901818801605e+01 2.794873766642525652e+02 1.746939705753488781e+00
5.679999999999999716e+01 2.955833969050017913e+02 3.095142828836446824e+01 2.628535461719972659e+02 1.778422444640078037e+00
5.682000000000000028e+01 2.797316269555344093e+02 3.094842738127090342e+01 2.469724286381763534e+02 1.810770936087203298e+00
5.684000000000000341e+01 2.646615083230512937e+02 3.094513629690800371e+01 2.318723545424765859e+02 1.844017483666651414e+00
5.685999999999999943e+01 2.503890996455763798e+02 3.094155503527508699e+01 2.175693486855873005e+02 1.878195924714005427e+00
5.688000000000000256e+01 2.369194515104750849e+02 3.093768359637260801e+01 2.040684261947914706e+02 1.913341719311006939e+00
5.689999999999999858e+01 2.242479665452952986e+02 3.093352198020033939e+01 1.913649525196935599e+02 1.949492045401412632e+00
5.692000000000000171e+01 2.123617781855104170e+02 3.092907018675850850e+01 1.794460220982191743e+02 1.986685900532724869e+00
5.693999999999999773e+01 2.012411087434822150e+02 3.092432821604666060e+01 1.682918163166748684e+02 2.024964210760696215e+00
5.696000000000000085e+01 1.908605739369512548e+02 3.091929606806525044e+01 1.578769079215818181e+02 2.064369947304193875e+00
5.697999999999999687e+01 1.811904077895837020e+02 3.091397374281405064e+01 1.481714857951773183e+02 2.104948251592332564e+00
5.700000000000000000e+01 1.721975884661297584e+02 3.090836124029306120e+01 1.391424806564290577e+02 2.146746569407629757e+00
5.702000000000000313e+01 1.638468518857396532e+02 3.090245856050250950e+01 1.307545785303415187e+02 2.189814794895619698e+00
5.703999999999999915e+01 1.561015856643814459e+02 3.089626570344216816e+01 1.229711145356522479e+02 2.234205425287034696e+00
5.706000000000000227e+01 1.489246009306791336e+02 3.088978266911203718e+01 1.157548445343058887e+02 2.279973727261199290e+00
5.707999999999999829e+01 1.422787837560734658e+02 3.088300945751211657e+01 1.090685963825897460e+02 2.327177915971576638e+00
5.710000000000000142e+01 1.361276313104382609e+02 3.087594606864263369e+01 1.028758058939377236e+02 2.375879347857895230e+00
5.711999999999999744e+01 1.304356804131837464e+02 3.086859250250336117e+01 9.714094518219827989e+01 2.426142728482114208e+00
5.714000000000000057e+01 1.251688379468017160e+02 3.086094875909452639e+01 9.182985285095239192e+01 2.478036336754794622e+00
5.715999999999999659e+01 1.202946237109191401e+02 3.085301483841567460e+01 8.690997660544474002e+01 2.531632267058728569e+00
5.717999999999999972e+01 1.157823368118375242e+02 3.084479074046703317e+01 8.235053938043273547e+01 2.587006690937755149e+00
5.720000000000000284e+01 1.116031567063923120e+02 3.083627646524882948e+01 7.812264010094911271e+01 2.644240140194363597e+00
5.721999999999999886e+01 1.077301896514713775e+02 3.082747201276083615e+01 7.419929982526952017e+01 2.703417813441017170e+00
5.724000000000000199e+01 1.041384706501675481e+02 3.081837738300328056e+01 7.055546335879242292e+01 2.764629908371845968e+00
5.725999999999999801e+01 1.008049301220415117e+02 3.080899257597593532e+01 6.716796556379244976e+01 2.827971982273121743e+00
5.728000000000000114e+01 9.770833353751000061e+01 3.079931759167880045e+01 6.401547060225811947e+01 2.893545343573074025e+00
5.729999999999999716e+01 9.482920121176626083e+01 3.078935243011187595e+01 6.107839130410683026e+01 2.961457477547547956e+00
5.732000000000000028e+01 9.214971440553144078e+01 3.077909709127538918e+01 5.833879480459857092e+01 3.031822509657485565e+00
5.734000000000000341e+01 8.965361286994490797e+01 3.076855157516888539e+01 5.578029958438111890e+01 3.104761710394913443e+00
5.735999999999999943e+01 8.732608803058607805e+01 3.075771588179304672e+01 5.338796810282192951e+01 3.180404045971095606e+00
5.738000000000000256e+01 8.515367515079914540e+01 3.074659001114719103e+01 5.114819835995948694e+01 3.258886779692475866e+00
5.739999999999999858e+01 8.312414705805737469e+01 3.073517396323154571e+01 4.904861696537398785e+01 3.340356129451854894e+00
5.742000000000000171e+01 8.122641136302564746e+01 3.072346773804633813e+01 4.707797563756027159e+01 3.424967987419041293e+00
5.743999999999999773e+01 7.945041254803689412e+01 3.071147133559134090e+01 4.522605250368881258e+01 3.512888708756749967e+00
5.746000000000000085e+01 7.778703984438497798e+01 3.069918475586678142e+01 4.348355911148719599e+01 3.604295977030999687e+00
5.747999999999999687e+01 7.622804144841471441e+01 3.068660799887220492e+01 4.184205369460938329e+01 3.699379754933133757e+00
5.750000000000000000e+01 7.476594533520544417e+01 3.067374106460829353e+01 4.029386094058754253e+01 3.798343330009610330e+00
5.752000000000000313e+01 7.339398670566069427e+01 3.066058395307413775e+01 3.883199828627889616e+01 3.901404466307667906e+00
5.753999999999999915e+01 7.210604193773403381e+01 3.064713666427064709e+01 3.745010859924381208e+01 4.008796674219585299e+00
5.756000000000000227e+01 7.089656879564601866e+01 3.063339919819713941e+01 3.614239898509755733e+01 4.120770612351317475e+00
5.757999999999999829e+01 6.976055257333621284e+01 3.061937155485406947e+01 3.490358538150547218e+01 4.237595636976664082e+00
5.760000000000000142e+01 6.869345780194544204e+01 3.060505373424143727e+01 3.372884255111839025e+01 4.359561516585608310e+00
5.761999999999999744e+01 6.769118512902889506e+01 3.059044573635878805e+01 3.261375906146943748e+01 4.486980331200667749e+00
5.764000000000000057e+01 6.675003297340165886e+01 3.057554756120657657e+01 3.155429683364747362e+01 4.620188578547616665e+00
5.765999999999999659e+01 6.586666356923819876e+01 3.056035920878457546e+01 3.054675484863519230e+01 4.759549511818438106e+00
5.767999999999999972e+01 6.503807303221351788e+01 3.054488067909278470e+01 2.958773661644568520e+01 4.905455736675054190e+00
5.770000000000000284e+01 6.426156510598752902e+01 3.052911197213120431e+01 2.867412103556950598e+01 5.058332098286816070e+00
5.771999999999999886e+01 6.353472827664557343e+01 3.051305308790028903e+01 2.780303629617738181e+01 5.218638892567900811e+00
5.774000000000000199e+01 6.285541597398145797e+01 3.049670402639912936e+01 2.697183650825576962e+01 5.386875439326558990e+00
5.775999999999999801e+01 6.222172961028737603e+01 3.048006478762840743e+01 2.617808076396201145e+01 5.563584058696950940e+00
5.778000000000000114e+01 6.163200423849572474e+01 3.046313537158812323e+01 2.541951437101092637e+01 5.749354495896676909e+00
5.779999999999999716e+01 6.108479664138171472e+01 3.044591577827804940e+01 2.469405202022040058e+01 5.944828842883270070e+00
5.782000000000000028e+01 6.057887569139804640e+01 3.042840600769818593e+01 2.399976267500781901e+01 6.150707008692045008e+00
5.784000000000000341e+01 6.011321484611597299e+01 3.041060605984853282e+01 2.333485599342493444e+01 6.367752792842501286e+00
5.785999999999999943e+01 5.968698666676647946e+01 3.039251593472931745e+01 2.269767011415456182e+01 6.596800617882598416e+00
5.788000000000000256e+01 5.929955926654771758e+01 3.037413563234008507e+01 2.208666065675581791e+01 6.838762977451818159e+00
5.789999999999999858e+01 5.895049461075861075e+01 3.035546515268151779e+01 2.150039080341411335e+01 7.094638654662981381e+00
5.792000000000000171e+01 5.863954860185001650e+01 3.033650449575293351e+01 2.093752234461535622e+01 7.365521761481720553e+00
5.793999999999999773e+01 5.836667288856471458e+01 3.031725366155455959e+01 2.039680758466966282e+01 7.652611642340496623e+00
5.796000000000000085e+01 5.813201833865224444e+01 3.029771265008685077e+01 1.987708201498069371e+01 7.957223673584703505e+00
5.797999999999999687e+01 5.793594010837325214e+01 3.027788146134912495e+01 1.937725767355698991e+01 8.280800973467139059e+00
5.800000000000000000e+01 5.777900422812680858e+01 3.025776009534160949e+01 1.889631711860377195e+01 8.624927014181420049e+00
5.802000000000000313e+01 5.766199560097084031e+01 3.023734855206430439e+01 1.843330795229553587e+01 8.991339096611001835e+00
5.803999999999999915e+01 5.758592727842717096e+01 3.021664683151766440e+01 1.798733783807427500e+01 9.381942608835231567e+00
5.806000000000000227e+01 5.755205083463949478e+01 3.019565493370100739e+01 1.755756996123100322e+01 9.798825939707485944e+00
5.807999999999999829e+01 5.756186760462377094e+01 3.017437285861478813e+01 1.714321888814633965e+01 1.024427585786264849e+01
5.810000000000000142e+01 5.761714048415193901e+01 3.015280060625855185e+01 1.674354678452526812e+01 1.072079309336812081e+01
5.811999999999999744e+01 5.771990590721873815e+01 3.013093817663275331e+01 1.635785995733296616e+01 1.123110777325302045e+01
5.814000000000000057e+01 5.787248552191518058e+01 3.010878556973716513e+01 1.598550568897374902e+01 1.177819426320427176e+01
5.815999999999999659e+01 5.807749697749221696e+01 3.008634278557201469e+01 1.562586933566641711e+01 1.236528485625378870e+01
5.817999999999999972e+01 5.833786311573184236e+01 3.006360982413707461e+01 1.527837166494581922e+01 1.299588162664894497e+01
5.820000000000000284e+01 5.865681873090251486e+01 3.004058668543211752e+01 1.494246640988692931e+01 1.367376563558346625e+01
5.821999999999999886e+01 5.903791392807729466e+01 3.001727336945782554e+01 1.461763801997636314e+01 1.440300253864310775e+01
5.824000000000000199e+01 5.948501297438244251e+01 2.999366987621351655e+01 1.430339959063422661e+01 1.518794350753469402e+01
5.825999999999999801e+01 6.000228740824856999e+01 2.996977620569987266e+01 1.399929095523631339e+01 1.603322024731238571e+01
5.828000000000000114e+01 6.059420205581102437e+01 2.994559235791598439e+01 1.370487692510541677e+01 1.694373277278962675e+01
5.829999999999999716e+01 6.126549251076318114e+01 2.992111833286253386e+01 1.341974566440648609e+01 1.792462851349416653e+01
5.832000000000000028e+01 6.202113257489227749e+01 2.989635413053952107e+01 1.314350718816080033e+01 1.898127125619195965e+01
5.834000000000000341e+01 6.286629014313096775e+01 2.987129975094694601e+01 1.287579197275612941e+01 2.011919841942788523e+01
5.835999999999999943e+01 6.380627006168671755e+01 2.984595519408412656e+01 1.261624966934585856e+01 2.134406519825673243e+01
5.838000000000000256e+01 6.484644260323749165e+01 2.982032045995174485e+01 1.236454791145822441e+01 2.266157423182752595e+01
5.839999999999999858e+01 6.599215640112652181e+01 2.979439554855002825e+01 1.212037120895224795e+01 2.407738964362425094e+01
5.842000000000000171e+01 6.724863497529568690e+01 2.976818045987806727e+01 1.188341992119140222e+01 2.559703459422621563e+01
5.843999999999999773e+01 6.862085637394721971e+01 2.974167519393677139e+01 1.165340930297021949e+01 2.722577187704022705e+01
5.846000000000000085e+01 7.011341595071219501e+01 2.971487975072545851e+01 1.143006861731507762e+01 2.896846758267165356e+01
5.847999999999999687e+01 7.173037289661174043e+01 2.968779413024435598e+01 1.121314030981797494e+01 3.082943845654941484e+01
5.850000000000000000e+01 7.347508184280613364e+01 2.966041833249369120e+01 1.100237923963573472e+01 3.281228427067669884e+01
5.852000000000000313e+01 7.535001163079078879e+01 2.963275235747346414e+01 1.079755196272322593e+01 3.491970731059409871e+01
5.853999999999999915e+01 7.735655419094339891e+01 2.960479620518322008e+01 1.059843606325399890e+01 3.715332192250618704e+01
5.856000000000000227e+01 7.949482735010917622e+01 2.957654987562318638e+01 1.040481952953570932e+01 3.951345794495027519e+01
5.857999999999999829e+01 8.176347626906259336e+01 2.954801336879381779e+01 1.021650017104490793e+01 4.199896272922386942e+01
5.860000000000000142e+01 8.415947904945299740e+01 2.951918668469443219e+01 1.003328507349100107e+01 4.460700729126756414e+01
5.861999999999999744e+01 8.667796280010325916e+01 2.949006982332548432e+01 9.854990089082853899e+00 4.733290288769492093e+01
5.864000000000000057e+01 8.931203706409590382e+01 2.946066278468651944e+01 9.681439359403583467e+00 5.016993492000580090e+01
5.865999999999999659e+01 9.205265192955832276e+01 2.943096556877799230e+01 9.512464868517248817e+00 5.310922149226308164e+01
5.867999999999999972e+01 9.488848832941968681e+01 2.940097817559990290e+01 9.347906024121730439e+00 5.613960412969806413e+01
5.870000000000000284e+01 9.780588793461191699e+01 2.937070060515202385e+01 9.187609264742880200e+00 5.924757806471700405e+01
5.871999999999999886e+01 1.007888296262441941e+02 2.934013285743412780e+01 9.031427691122825507e+00 6.241726907768723009e+01
5.874000000000000199e+01 1.038189587719485303e+02 2.930927493244666948e+01 8.879220720103973008e+00 6.563046311939788779e+01
5.875999999999999801e+01 1.068756744219966492e+02 2.927812683018964890e+01 8.730853759444309858e+00 6.886669383236269937e+01
5.878000000000000114e+01 1.099362780915335804e+02 2.924668855066261131e+01 8.586197902119504732e+00 7.210339163875146085e+01
5.879999999999999716e+01 1.129761860349582605e+02 2.921496009386601145e+01 8.445129638782285397e+00 7.531609630230997254e+01
5.882000000000000028e+01 1.159692048958207664e+02 2.918294145979962195e+01 8.307530587148006518e+00 7.847873284887313616e+01
5.884000000000000341e+01 1.188878683979063169e+02 2.915063264846367019e+01 8.173287237172074171e+00 8.156394851227057075e+01
5.885999999999999943e+01 1.217038304153107902e+02 2.911803365985770142e+01 8.042290710967604284e+00 8.454350604448548268e+01
5.888000000000000256e+01 1.243883074195409222e+02 2.908514449398217039e+01 7.914436536491732177e+00 8.738872638906701695e+01
5.889999999999999858e+01 1.269125610578559815e+02 2.905196515083684972e+01 7.789624434100952399e+00 9.007097147291817407e+01
5.892000000000000171e+01 1.292484095808008533e+02 2.901849563042173941e+01 7.667758115140227204e+00 9.256215583523886892e+01
5.893999999999999773e+01 1.313687551171728103e+02 2.898473593273706683e+01 7.548745091793813700e+00 9.483527409264193864e+01
5.896000000000000085e+01 1.332481124919896160e+02 2.895068605778260462e+01 7.432496497478710218e+00 9.686492993672831631e+01
5.897999999999999687e+01 1.348631244820508073e+02 2.891634600555858015e+01 7.318926917115763153e+00 9.862785155937646664e+01
5.900000000000000000e+01 1.361930481683360199e+02 2.888171577606453866e+01 7.207954226657901309e+00 1.001033781656135915e+02
5.902000000000000313e+01 1.372201974122806973e+02 2.884679536930093491e+01 7.099499441301288627e+00 1.012739026016784862e+02
5.903999999999999915e+01 1.379303274622915296e+02 2.881158478526731415e+01 6.993486571842853827e+00 1.021252561051813785e+02
5.906000000000000227e+01 1.383129492646902463e+02 2.877608402396435849e+01 6.889842488686281463e+00 1.026470227520396037e+02
5.907999999999999829e+01 1.383615631557278220e+02 2.874029308539138583e+01 6.788496793032596344e+00 1.028327732773038434e+02
5.910000000000000142e+01 1.380738041656715325e+02 2.870421196954885090e+01 6.689381694821868507e+00 1.026802105013008202e+02
5.911999999999999744e+01 1.374514940645906336e+02 2.866784067643652634e+01 6.592431897023788068e+00 1.021912214911303209e+02
5.914000000000000057e+01 1.365005983957388196e+02 2.863117920605441213e+01 6.497584485899636775e+00 1.013718347037847707e+02
5.915999999999999659e+01 1.352310899373500206e+02 2.859422755840273567e+01 6.404778826885508813e+00 1.002320835520617663e+02
5.917999999999999972e+01 1.336567231639155295e+02 2.855698573348126956e+01 6.313956465767472714e+00 9.878578096466678460e+01
5.920000000000000284e+01 1.317947272039063762e+02 2.851945373129001382e+01 6.225061034843241359e+00 9.705021243777312634e+01
5.921999999999999886e+01 1.296654273841394911e+02 2.848163155182896844e+01 6.138038163782640666e+00 9.504575766852789798e+01
5.924000000000000199e+01 1.272918076019239493e+02 2.844351919509836080e+01 6.052835394919174661e+00 9.279545301190641737e+01
5.925999999999999801e+01 1.246990273893211452e+02 2.840511666109796352e+01 5.969402102721796055e+00 9.032450862550138027e+01
5.928000000000000114e+01 1.219139085724188050e+02 2.836642394982777660e+01 5.887689417211190879e+00 8.765979520537983660e+01
5.929999999999999716e+01 1.189644068565419275e+02 2.832744106128780004e+01 5.807650151101126923e+00 8.482931564415299874e+01
5.932000000000000028e+01 1.158790834908693341e+02 2.828816799547826122e+01 5.729238730457565154e+00 8.186167676493350598e+01
5.934000000000000341e+01 1.126865914181206847e+02 2.824860475239893276e+01 5.652411128682762076e+00 7.878557553703898009e+01
5.935999999999999943e+01 1.094151890579688455e+02 2.820875133204981466e+01 5.577124803641994255e+00 7.562931292227703750e+01
5.938000000000000256e+01 1.060922931898671493e+02 2.816860773443113430e+01 5.503338637762703378e+00 7.242034681767331961e+01
5.939999999999999858e+01 1.027440803909774161e+02 2.812817395954243693e+01 5.431012880946086696e+00 6.918489355048889422e+01
5.942000000000000171e+01 9.939514425640098239e+01 2.808745000738417730e+01 5.360109096140118545e+00 6.594758515287668388e+01
5.943999999999999773e+01 9.606821329370406204e+01 2.804643587795612802e+01 5.290590107433261302e+00 6.273118730831467360e+01
5.946000000000000085e+01 9.278393204996282861e+01 2.800513157125851649e+01 5.222419950535141631e+00 5.955638052816916428e+01
5.947999999999999687e+01 8.956070579706377544e+01 2.796353708729111531e+01 5.155563825519750232e+00 5.644160488425291078e+01
5.950000000000000000e+01 8.641460705568199785e+01 2.792165242605369713e+01 5.089988051712738049e+00 5.340296657791556356e+01
5.952000000000000313e+01 8.335934044983315516e+01 2.787947758754694405e+01 5.025660024612510490e+00 5.045420283767370506e+01
5.953999999999999915e+01 8.040626090228724365e+01 2.783701257177017396e+01 4.962548174740198270e+00 4.760670015577686343e+01
5.956000000000000227e+01 7.756443903738249901e+01 2.779425737872384161e+01 4.900621928320199494e+00 4.486955973033845169e+01
5.957999999999999829e+01 7.484076686310162074e+01 2.775121200840771962e+01 4.839851669698765235e+00 4.224970318499513411e+01
5.960000000000000142e+01 7.224009635239397653e+01 2.770787646082203537e+01 4.780208705412515968e+00 3.975201118615942875e+01
5.961999999999999744e+01 6.976540341298178305e+01 2.766425073596633410e+01 4.721665229824983712e+00 3.737948744719046346e+01
5.964000000000000057e+01 6.741796989099972848e+01 2.762033483384107058e+01 4.664194292252576091e+00 3.513344076490608359e+01
5.965999999999999659e+01 6.519757665380382150e+01 2.757612875444601741e+01 4.607769765506960269e+00 3.301367813385085270e+01
5.967999999999999972e+01 6.310270139213530172e+01 2.753163249778117461e+01 4.552366315783805462e+00 3.101870257857032342e+01
5.970000000000000284e+01 6.113071552055596669e+01 2.748684606384676954e+01 4.497959373832667751e+00 2.914591008287652940e+01
5.971999999999999886e+01 5.927807538695410017e+01 2.744176945264234746e+01 4.444525107345568493e+00 2.739178082696618333e+01
5.974000000000000199e+01 5.754050387967662061e+01 2.739640266416859049e+01 4.392040394505623446e+00 2.575206082100240224e+01
5.975999999999999801e+01 5.591315940199835666e+01 2.735074569842481651e+01 4.340482798640462825e+00 2.422193090493308176e+01
5.978000000000000114e+01 5.439079003231889686e+01 2.730479855541148027e+01 4.289830543927318551e+00 2.279616093298009716e+01
5.979999999999999716e+01 5.296787147602184120e+01 2.725856123512835438e+01 4.240062492100673097e+00 2.146924774879281372e+01
5.982000000000000028e+01 5.163872812008281699e+01 2.721203373757543886e+01 4.191158120114709007e+00 2.023553626239267444e+01
5.984000000000000341e+01 5.039763711046204264e+01 2.716521606275273371e+01 4.143097498716524107e+00 1.908932354899278394e+01
5.985999999999999943e+01 4.923891587779253598e+01 2.711810821066046628e+01 4.095861271887347499e+00 1.802494639524471864e+01
5.988000000000000256e+01 4.815699393766820435e+01 2.707071018129840922e+01 4.049430637111876230e+00 1.703685311925791623e+01
5.989999999999999858e+01 4.714647009147131484e+01 2.702302197466656253e+01 4.003787326437839411e+00 1.611966079036691823e+01
5.992000000000000171e+01 4.620215635950669508e+01 2.697504359076515357e+01 3.958913588289370900e+00 1.526819918045217328e+01
5.993999999999999773e+01 4.531911010034617249e+01 2.692677502959372760e+01 3.914792170000445992e+00 1.447754290075199712e+01
5.996000000000000085e+01 4.449265582037773470e+01 2.687821629115296673e+01 3.871406301035431596e+00 1.374303322818933637e+01
5.997999999999999687e+01 4.371839816817134761e+01 2.682936737544218886e+01 3.828739676866403929e+00 1.306029111586275704e+01
6.000000000000000000e+01 4.299222755188131373e+01 2.678022828246184872e+01 3.786776443477475329e+00 1.242522282594199368e+01
6.002000000000000313e+01 4.231031972642789185e+01 2.673079901221149157e+01 3.745501182468791601e+00 1.183401953174760557e+01
6.003999999999999915e+01 4.166913058151241955e+01 2.668107956469157216e+01 3.704898896733405778e+00 1.128315212008743984e+01
6.006000000000000227e+01 4.106538723114218925e+01 2.663106993990186311e+01 3.664954996682022514e+00 1.076936229455830052e+01
6.007999999999999829e+01 4.049607636835308710e+01 2.658077013784259179e+01 3.625655286991927184e+00 1.028965094351856813e+01
6.010000000000000142e+01 3.995843071168269489e+01 2.653018015851353084e+01 3.586985953856974607e+00 9.841264599312193440e+00
6.011999999999999744e+01 3.944991423776431105e+01 2.647930000191468025e+01 3.548933552717483675e+00 9.421680683132148459e+00
6.014000000000000057e+01 3.896820677076085104e+01 2.642812966804626740e+01 3.511484996449037777e+00 9.028592106265547201e+00
6.015999999999999659e+01 3.851118838674582889e+01 2.637666915690783753e+01 3.474627543991037903e+00 8.659891685846952569e+00
6.017999999999999972e+01 3.807692399091661883e+01 2.632491846849984540e+01 3.438348789395919702e+00 8.313656733020854617e+00
6.020000000000000284e+01 3.766364833827847036e+01 2.627287760282206364e+01 3.402636651281733648e+00 7.988134084174675742e+00
6.021999999999999886e+01 3.726975169405507415e+01 2.622054655987449223e+01 3.367479362670806164e+00 7.681725771509772649e+00
6.024000000000000199e+01 3.689376626796342862e+01 2.616792533965735856e+01 3.332865461198522894e+00 7.392975467107547161e+00
6.025999999999999801e+01 3.653435350571655249e+01 2.611501394217043526e+01 3.298783779676973893e+00 7.120555783869143340e+00
6.028000000000000114e+01 3.619029228053918246e+01 2.606181236741372231e+01 3.265223436998516249e+00 6.863256476126945671e+00
6.029999999999999716e+01 3.586046799586698341e+01 2.600832061538744711e+01 3.232173829365663220e+00 6.619973551113876198e+00
6.032000000000000028e+01 3.554386258647291186e+01 2.595453868609138226e+01 3.199624621833577987e+00 6.389699278547954719e+00
6.034000000000000341e+01 3.523954538782759016e+01 2.590046657952530040e+01 3.167565740152842313e+00 6.171513068149451442e+00
6.035999999999999943e+01 3.494666483137908841e+01 2.584610429568988366e+01 3.135987362900052311e+00 5.964573172789148892e+00
6.038000000000000256e+01 3.466444091563228369e+01 2.579145183458444990e+01 3.104879913884791343e+00 5.768109167163040674e+00
6.039999999999999858e+01 3.439215839850461975e+01 2.573650919620922650e+01 3.074234054822014617e+00 5.581415147473380856e+00
6.042000000000000171e+01 3.412916065461865855e+01 2.568127638056466822e+01 3.044040678259022581e+00 5.403843595794969090e+00
6.043999999999999773e+01 3.387484414135916211e+01 2.562575338765009292e+01 3.014290900747240709e+00 5.234799852961826261e+00
6.046000000000000085e+01 3.362865341908574379e+01 2.556994021746595536e+01 2.984976056248845211e+00 5.073737145370943225e+00
6.047999999999999687e+01 3.339007667341808627e+01 2.551383687001180078e+01 2.956087689769344884e+00 4.920152113636942381e+00
6.050000000000000000e+01 3.315864169068333211e+01 2.545744334528831132e+01 2.927617551206958435e+00 4.773580794188061915e+00
6.052000000000000313e+01 3.293391224111271498e+01 2.540075964329457747e+01 2.899557589410708847e+00 4.633595008407429106e+00
6.053999999999999915e+01 3.271548482805559388e+01 2.534378576403173611e+01 2.871899946438897455e+00 4.499799117584959873e+00
6.056000000000000227e+01 3.250298576512183502e+01 2.528652170749865036e+01 2.844636952010359821e+00 4.371827105612826614e+00
6.057999999999999829e+01 3.229606854675519401e+01 2.522896747369600234e+01 2.817761118141217658e+00 4.249339954917974005e+00
6.060000000000000142e+01 3.209441148109864628e+01 2.517112306262379207e+01 2.791265133959834888e+00 4.132023284515015327e+00
6.061999999999999744e+01 3.189771555720977503e+01 2.511298847428156478e+01 2.765141860693499432e+00 4.019585222234710820e+00
6.064000000000000057e+01 3.170570252160319313e+01 2.505456370866977522e+01 2.739384326820075710e+00 3.911754486113343532e+00
6.065999999999999659e+01 3.151811314177633960e+01 2.499584876578819603e+01 2.713985723378710357e+00 3.808278652609433212e+00
6.067999999999999972e+01 3.133470563681592935e+01 2.493684364563705458e+01 2.688939399433373012e+00 3.708922591745502650e+00
6.070000000000000284e+01 3.115525425736600695e+01 2.487754834821589611e+01 2.664238857683819628e+00 3.613467051466289881e+00
6.071999999999999886e+01 3.097954799921224023e+01 2.481796287352540276e+01 2.639877750218307728e+00 3.521707375468530632e+00
6.074000000000000199e+01 3.080738943648331229e+01 2.475808722156466501e+01 2.615849874402922381e+00 3.433452340515723122e+00
6.075999999999999801e+01 3.063859366204906109e+01 2.469792139233459238e+01 2.592149168902596834e+00 3.348523100811869213e+00
6.078000000000000114e+01 3.047298732406095567e+01 2.463746538583473011e+01 2.568769709828813141e+00 3.266752228397410640e+00
6.079999999999999716e+01 3.031040774883425115e+01 2.457671920206485083e+01 2.545705707009620955e+00 3.187982839759779363e+00
6.082000000000000028e+01 3.015070214134284043e+01 2.451568284102563666e+01 2.522951500377321743e+00 3.112067799939883361e+00
6.084000000000000341e+01 2.999372685556496876e+01 2.445435630271640548e+01 2.500501556469801212e+00 3.038868996378762954e+00
6.085999999999999943e+01 2.983934672777792940e+01 2.439273958713761203e+01 2.478350465041266215e+00 2.968256675599051597e+00
6.088000000000000256e+01 2.968743446663652463e+01 2.433083269428902895e+01 2.456492935778538111e+00 2.900108836568957571e+00
6.089999999999999858e+01 2.953787009455043844e+01 2.426863562417088360e+01 2.434923795119257939e+00 2.834310675260299117e+00
6.092000000000000171e+01 2.939054043545125694e+01 2.420614837678272124e+01 2.413637983168190448e+00 2.770754075500346136e+00
6.093999999999999773e+01 2.924533864457034227e+01 2.414337095212476925e+01 2.392630550708415793e+00 2.709337141737157229e+00
6.096000000000000085e+01 2.910216377629967965e+01 2.408030335019748236e+01 2.371896656303857043e+00 2.649963769798338920e+00
6.097999999999999687e+01 2.896092038662129653e+01 2.401694557100017846e+01 2.351431563490167687e+00 2.592543252130953491e+00
6.100000000000000000e+01 2.882151816695560953e+01 2.395329761453331230e+01 2.331230638050715065e+00 2.536989914371580834e+00
6.102000000000000313e+01 2.868387160658904023e+01 2.388935948079642912e+01 2.311289345374901938e+00 2.483222780417710052e+00
6.103999999999999915e+01 2.854789968114089049e+01 2.382513116979021106e+01 2.291603247895850348e+00 2.431165263454831305e+00
6.106000000000000227e+01 2.841352556476832092e+01 2.376061268151397599e+01 2.272168002604770809e+00 2.380744880649574569e+00
6.107999999999999829e+01 2.828067636405130258e+01 2.369580401596817865e+01 2.252979358639485952e+00 2.331892989443639763e+00
6.110000000000000142e+01 2.814928287168168453e+01 2.363070517315236430e+01 2.234033154944413457e+00 2.284544543584907661e+00
6.111999999999999744e+01 2.801927933828038420e+01 2.356531615306721505e+01 2.215325317999799370e+00 2.238637867213369770e+00
6.114000000000000057e+01 2.789060326080757335e+01 2.349963695571204880e+01 2.196851859617657166e+00 2.194114445477867381e+00
6.115999999999999659e+01 2.776319518619542492e+01 2.343366758108732029e+01 2.178608874802386630e+00 2.150918730305718451e+00
6.117999999999999972e+01 2.763699852894119502e+01 2.336740802919280213e+01 2.160592539673708234e+00 2.108997960074685540e+00
6.120000000000000284e+01 2.751195940153181851e+01 2.330085830002872171e+01 2.142799109450025163e+00 2.068301992053072524e+00
6.121999999999999886e+01 2.738802645666166313e+01 2.323401839359462429e+01 2.125224916490073390e+00 2.028783146576966789e+00
6.124000000000000199e+01 2.726515074030900010e+01 2.316688830989073722e+01 2.107866368390987066e+00 1.990396062027275592e+00
6.125999999999999801e+01 2.714328555481167271e+01 2.309946804891751526e+01 2.090719946140991770e+00 1.953097559753163237e+00
6.128000000000000114e+01 2.702238633116254007e+01 2.303175761067404892e+01 2.073782202324788049e+00 1.916846518163700663e+00
6.129999999999999716e+01 2.690241050982002946e+01 2.296375699516147506e+01 2.057049759380089604e+00 1.881603755278465906e+00
6.132000000000000028e+01 2.678331742937077564e+01 2.289546620237865682e+01 2.040519307903482460e+00 1.847331919088635477e+00
6.134000000000000341e+01 2.666506822246705610e+01 2.282688523232627631e+01 2.024187605004169832e+00 1.813995385136611960e+00
6.135999999999999943e+01 2.654762571847994934e+01 2.275801408500410616e+01 2.008051472703943574e+00 1.781560160771898049e+00
6.138000000000000256e+01 2.643095435238134172e+01 2.268885276041237375e+01 1.992107796381929363e+00 1.749993795587036161e+00
6.139999999999999858e+01 2.631502007939243271e+01 2.261940125855085171e+01 1.976353523262770473e+00 1.719265297578812079e+00
6.142000000000000171e+01 2.619979029498306033e+01 2.254965957941931265e+01 1.960785660946688491e+00 1.689345054617060526e+00
6.143999999999999773e+01 2.608523375983698145e+01 2.247962772301843870e+01 1.945401275980301214e+00 1.660204760838239313e+00
6.146000000000000085e+01 2.597132052942548341e+01 2.240930568934754774e+01 1.930197492466715126e+00 1.631817347611222768e+00
6.147999999999999687e+01 2.585802188787291911e+01 2.233869347840732189e+01 1.915171490713845737e+00 1.604156918751751926e+00
6.150000000000000000e+01 2.574531028580349101e+01 2.226779109019685166e+01 1.900320505919592451e+00 1.577198689687048239e+00
6.152000000000000313e+01 2.563315928190614912e+01 2.219659852471704653e+01 1.885641826892883399e+00 1.550918930296218301e+00
6.153999999999999915e+01 2.552154348794974226e+01 2.212511578196745177e+01 1.871132794809351685e+00 1.525294911172937029e+00
6.156000000000000227e+01 2.541043851702554690e+01 2.205334286194806737e+01 1.856790802000615415e+00 1.500304853076863676e+00
6.157999999999999829e+01 2.529982093479316774e+01 2.198127976465889333e+01 1.842613290776190293e+00 1.475927879358083672e+00
6.160000000000000142e+01 2.518966821353181018e+01 2.190892649009992965e+01 1.828597752276893473e+00 1.452143971154990165e+00
6.161999999999999744e+01 2.507995868881182489e+01 2.183628303827140371e+01 1.814741725358943070e+00 1.428933925181479658e+00
6.164000000000000057e+01 2.497067151861309853e+01 2.176334940917286076e+01 1.801042795507659111e+00 1.406279313932577768e+00
6.165999999999999659e+01 2.486178664473573718e+01 2.169012560280498292e+01 1.787498593780003864e+00 1.384162448150748848e+00
6.167999999999999972e+01 2.475328475634827541e+01 2.161661161916708807e+01 1.774106795774986978e+00 1.362566341406201698e+00
6.170000000000000284e+01 2.464514725554647967e+01 2.154280745825963095e+01 1.760865120631182057e+00 1.341474676655669551e+00
6.171999999999999886e+01 2.453735622478630773e+01 2.146871312008238419e+01 1.747771330050466476e+00 1.320871774653459951e+00
6.174000000000000199e+01 2.442989439608068380e+01 2.139432860463557518e+01 1.734823227347234598e+00 1.300742564097875364e+00
6.175999999999999801e+01 2.432274512184550375e+01 2.131965391191874915e+01 1.722018656522381397e+00 1.281072553404373648e+00
6.178000000000000114e+01 2.421589234729754025e+01 2.124468904193213348e+01 1.709355501361184526e+00 1.261847804004222695e+00
6.179999999999999716e+01 2.410932058430560332e+01 2.116943399467618292e+01 1.696831684554551911e+00 1.243054905074868044e+00
6.182000000000000028e+01 2.400301488660726434e+01 2.109388877015021535e+01 1.684445166842776676e+00 1.224680949614272540e+00
6.184000000000000341e+01 2.389696082631390439e+01 2.101805336835468552e+01 1.672193946181292468e+00 1.206713511777927073e+00
6.185999999999999943e+01 2.379114447161922641e+01 2.094192778928913867e+01 1.660076056927679344e+00 1.189140625402410611e+00
6.188000000000000256e+01 2.368555236564830935e+01 2.086551203295425694e+01 1.648089569049326686e+00 1.171950763644725724e+00
6.189999999999999858e+01 2.358017150637196835e+01 2.078880609934935819e+01 1.636232587351221790e+00 1.155132819671385036e+00
6.192000000000000171e+01 2.347498932753344647e+01 2.071180998847489718e+01 1.624503250723152936e+00 1.138676088335396575e+00
6.193999999999999773e+01 2.336999368052006076e+01 2.063452370033041916e+01 1.612899731405928128e+00 1.122570248783711477e+00
6.196000000000000085e+01 2.326517281713335095e+01 2.055694723491637887e+01 1.601420234275891197e+00 1.106805347941080209e+00
6.197999999999999687e+01 2.316051537320031883e+01 2.047908059223277633e+01 1.590062996147385777e+00 1.091371784820156954e+00
6.200000000000000000e+01 2.305601035298220225e+01 2.040092377227915676e+01 1.578826285092495230e+00 1.076260295610548035e+00
6.202000000000000313e+01 2.295164711433657345e+01 2.032247677505597494e+01 1.567708399777712147e+00 1.061461939502888141e+00
6.203999999999999915e+01 2.284741535458645600e+01 2.024373960056300348e+01 1.556707668816944556e+00 1.046968085206507970e+00
6.206000000000000227e+01 2.274330509706298287e+01 2.016471224880046975e+01 1.545822450140457160e+00 1.032770398122057287e+00
6.207999999999999829e+01 2.263930667828032028e+01 2.008539471976814639e+01 1.535051130379315065e+00 1.018860828132858609e+00
6.210000000000000142e+01 2.253541073571171083e+01 2.000578701346603339e+01 1.524392124264821957e+00 1.005231597980855485e+00
6.211999999999999744e+01 2.243160819613216717e+01 1.992588912989413075e+01 1.513843874042644755e+00 9.918751921953917750e-01
6.214000000000000057e+01 2.232789026449821534e+01 1.984570106905243847e+01 1.503404848901089830e+00 9.787843465446871560e-01
6.215999999999999659e+01 2.222424841333650036e+01 1.976522283094118393e+01 1.493073544413271225e+00 9.659520379820462077e-01
6.217999999999999972e+01 2.212067437261298863e+01 1.968445441556013975e+01 1.482848481992657952e+00 9.533714750601903765e-01
6.220000000000000284e+01 2.201716012006006906e+01 1.960339582290930593e+01 1.472728208361755442e+00 9.410360887890070192e-01
6.221999999999999886e+01 2.191369787193560370e+01 1.952204705298890985e+01 1.462711295033465753e+00 9.289395239132289817e-01
6.224000000000000199e+01 2.181028007419163828e+01 1.944040810579872414e+01 1.452796337804815430e+00 9.170756305880988224e-01
6.225999999999999801e+01 2.170689939403363056e+01 1.935847898133852141e+01 1.442981956262756160e+00 9.054384564323549878e-01
6.228000000000000114e+01 2.160354871184954817e+01 1.927625967960898379e+01 1.433266793301615882e+00 8.940222389389468338e-01
6.229999999999999716e+01 2.150022111348667408e+01 1.919375020060942916e+01 1.423649514651998738e+00 8.828213982252461900e-01
6.232000000000000028e+01 2.139690988286634266e+01 1.911095054434031226e+01 1.414128808420715533e+00 8.718305301053146383e-01
6.234000000000000341e+01 2.129360849491100183e+01 1.902786071080140573e+01 1.404703384641550423e+00 8.610443994680472279e-01
6.235999999999999943e+01 2.119031060877488670e+01 1.894448069999270956e+01 1.395371974836487228e+00 8.504579339456902476e-01
6.238000000000000256e+01 2.108701006135989076e+01 1.886081051191445113e+01 1.386133331587170225e+00 8.400662178582694040e-01
6.239999999999999858e+01 2.098370086110298161e+01 1.877685014656640305e+01 1.376986228116327871e+00 8.298644864202520122e-01
6.242000000000000171e+01 2.088037718202381754e+01 1.869259960394856535e+01 1.367929457878841459e+00 8.198481201964101794e-01
6.243999999999999773e+01 2.077703335801823670e+01 1.860805888406116537e+01 1.358961834162294879e+00 8.100126397947782220e-01
6.246000000000000085e+01 2.067366387738565692e+01 1.852322798690397576e+01 1.350082189696644841e+00 8.003537007850356488e-01
6.247999999999999687e+01 2.057026337758117052e+01 1.843810691247676914e+01 1.341289376272898792e+00 7.908670888315049163e-01
6.250000000000000000e+01 2.046682664018076636e+01 1.835269566078000025e+01 1.332582264370430147e+00 7.815487150303366271e-01
6.252000000000000313e+01 2.036334858604771014e+01 1.826699423181366910e+01 1.323959742792834016e+00 7.723946114412058028e-01
6.253999999999999915e+01 2.025982427069352809e+01 1.818100262557732094e+01 1.315420718312006132e+00 7.634009268042017959e-01
6.256000000000000227e+01 2.015624887982509605e+01 1.809472084207163789e+01 1.306964115320272901e+00 7.545639224331865957e-01
6.257999999999999829e+01 2.005261772506369411e+01 1.800814888129593783e+01 1.298588875490384265e+00 7.458799682773726847e-01
6.260000000000000142e+01 1.994892623983673019e+01 1.792128674325044813e+01 1.290293957443103601e+00 7.373455391431784633e-01
6.261999999999999744e+01 1.984516997542671746e+01 1.783413442793539616e+01 1.282078336422288745e+00 7.289572110690344386e-01
6.264000000000000057e+01 1.974134459717370049e+01 1.774669193535055456e+01 1.273941003977169917e+00 7.207116578459737966e-01
6.265999999999999659e+01 1.963744588082510489e+01 1.765895926549592332e+01 1.265880967651754618e+00 7.126056476774286219e-01
6.267999999999999972e+01 1.953346970902434876e+01 1.757093641837150244e+01 1.257897250681061285e+00 7.046360399717847001e-01
6.270000000000000284e+01 1.942941206793341280e+01 1.748262339397751930e+01 1.249988891694119530e+00 6.967997822617745252e-01
6.271999999999999886e+01 1.932526904398213929e+01 1.739402019231374652e+01 1.242154944423479401e+00 6.890939072449141500e-01
6.274000000000000199e+01 1.922103682074111575e+01 1.730512681338041148e+01 1.234394477421110192e+00 6.815155299395970756e-01
6.275999999999999801e+01 1.911671167590931475e+01 1.721594325717705942e+01 1.226706573780534937e+00 6.740618449517182809e-01
6.278000000000000114e+01 1.901228997841601398e+01 1.712646952370414510e+01 1.219090330865004290e+00 6.667301238468628100e-01
6.279999999999999716e+01 1.890776818562654782e+01 1.703670561296144115e+01 1.211544860041610772e+00 6.595177126234955667e-01
6.282000000000000028e+01 1.880314284065296704e+01 1.694665152494917493e+01 1.204069286421146190e+00 6.524220292826480305e-01
6.284000000000000341e+01 1.869841056976046900e+01 1.685630725966689170e+01 1.196662748603606996e+00 6.454405614899708654e-01
6.285999999999999943e+01 1.859356807987031246e+01 1.676567281711504620e+01 1.189324398429169038e+00 6.385708643260992190e-01
6.288000000000000256e+01 1.848861215614947184e+01 1.667474819729341107e+01 1.182053400734514703e+00 6.318105581215479605e-01
6.289999999999999858e+01 1.838353965968892112e+01 1.658353340020198630e+01 1.174848933114397642e+00 6.251573263725372920e-01
6.292000000000000171e+01 1.827834752526351991e+01 1.649202842584099926e+01 1.167710185688269897e+00 6.186089137342499766e-01
6.293999999999999773e+01 1.817303275917044303e+01 1.640023327421022259e+01 1.160636360871915240e+00 6.121631240883056435e-01
6.296000000000000085e+01 1.806759243714502716e+01 1.630814794530988365e+01 1.153626673153890447e+00 6.058178186812533950e-01
6.297999999999999687e+01 1.796202370234744450e+01 1.621577243913952771e+01 1.146680348876734756e+00 5.995709143311811484e-01
6.300000000000000000e+01 1.785632376342189787e+01 1.612310675569960949e+01 1.139796626022761661e+00 5.934203816995259340e-01
6.302000000000000313e+01 1.775048989261951959e+01 1.603015089498967427e+01 1.132974754004388851e+00 5.873642436254555843e-01
6.303999999999999915e+01 1.764451942398942563e+01 1.593690485701040416e+01 1.126213993458839546e+00 5.814005735201824843e-01
6.306000000000000227e+01 1.753840975162703586e+01 1.584336864176111703e+01 1.119513616047142390e+00 5.755274938187735501e-01
6.307999999999999829e+01 1.743215832798673404e+01 1.574954224924226764e+01 1.112872904257337758e+00 5.697431744871301884e-01
6.310000000000000142e+01 1.732576266224722161e+01 1.565542567945362862e+01 1.106291151211745261e+00 5.640458315818474011e-01
6.311999999999999744e+01 1.721922031873433667e+01 1.556101893239519995e+01 1.099767660478257802e+00 5.584337258608780274e-01
6.314000000000000057e+01 1.711252891539560395e+01 1.546632200806720903e+01 1.093301745885497445e+00 5.529051614428974748e-01
6.315999999999999659e+01 1.700568612232473242e+01 1.537133490646942846e+01 1.086892731341817964e+00 5.474584845134826683e-01
6.317999999999999972e+01 1.689868966033602860e+01 1.527605762760185826e+01 1.080539950657987580e+00 5.420920820761845338e-01
6.320000000000000284e+01 1.679153729958480668e+01 1.518049017146449842e+01 1.074242747373534534e+00 5.368043807467742790e-01
6.321999999999999886e+01 1.668422685823311014e+01 1.508463253805757631e+01 1.068000474586616733e+00 5.315938455889152037e-01
6.324000000000000199e+01 1.657675620115765014e+01 1.498848472738063720e+01 1.061812494787355288e+00 5.264589789896589878e-01
6.325999999999999801e+01 1.646912323870193973e+01 1.489204673943413582e+01 1.055678179694575336e+00 5.213983195732285747e-01
6.328000000000000114e+01 1.636132592546544373e+01 1.479531857421807217e+01 1.049596910095812019e+00 5.164104411515595405e-01
6.329999999999999716e+01 1.625336225913281396e+01 1.469830023173199152e+01 1.043568075690587182e+00 5.114939517102363720e-01
6.332000000000000028e+01 1.614523027934177790e+01 1.460099171197657597e+01 1.037591074936797142e+00 5.066474924284053438e-01
6.334000000000000341e+01 1.603692806658256131e+01 1.450339301495091604e+01 1.031665314900224395e+00 5.018697367314222113e-01
6.335999999999999943e+01 1.592845374113789525e+01 1.440550414065592122e+01 1.025790211107029837e+00 4.971593893749442494e-01
6.338000000000000256e+01 1.581980546204939664e+01 1.430732508909090939e+01 1.019965187399191731e+00 4.925151855592944661e-01
6.339999999999999858e+01 1.571098142612237858e+01 1.420885586025656266e+01 1.014189675792842138e+00 4.879358900729736659e-01
6.342000000000000171e+01 1.560197986695576411e+01 1.411009645415219893e+01 1.008463116339378240e+00 4.834202964641873268e-01
6.343999999999999773e+01 1.549279905400679169e+01 1.401104687077804556e+01 1.002784956989356990e+00 4.789672262393894764e-01
6.346000000000000085e+01 1.538343729168116525e+01 1.391170711013432992e+01 9.971546534590423061e-01 4.745755280877930193e-01
6.347999999999999687e+01 1.527389291845136299e+01 1.381207717222082465e+01 9.915716690996038141e-01 4.702440771309339684e-01
6.350000000000000000e+01 1.516416430600270360e+01 1.371215705703752974e+01 9.860354747688551136e-01 4.659717741963184667e-01
6.352000000000000313e+01 1.505424985840429031e+01 1.361194676458444519e+01 9.805455487055250163e-01 4.617575451143207665e-01
6.353999999999999915e+01 1.494414801130543324e+01 1.351144629486202575e+01 9.751013764059650590e-01 4.576003400374425434e-01
6.356000000000000227e+01 1.483385723115375576e+01 1.341065564786936193e+01 9.697024505032525443e-01 4.534991327811410677e-01
6.357999999999999829e+01 1.472337601444148270e+01 1.330957482360736321e+01 9.643482706486579126e-01 4.494529201854614020e-01
6.360000000000000142e+01 1.461270288696740316e+01 1.320820382207534749e+01 9.590383433953723058e-01 4.454607214966840867e-01
6.361999999999999744e+01 1.450183640312661026e+01 1.310654264327376950e+01 9.537721820845171949e-01 4.415215777683239584e-01
6.364000000000000057e+01 1.439077514521644652e+01 1.300459128720240187e+01 9.485493067333053974e-01 4.376345512807390814e-01
6.365999999999999659e+01 1.427951772276536424e+01 1.290234975386124461e+01 9.433692439253833495e-01 4.337987249787364497e-01
6.367999999999999972e+01 1.416806277188026009e+01 1.279981804325052508e+01 9.382315267032383943e-01 4.300132019264971683e-01
6.370000000000000284e+01 1.405640895461172946e+01 1.269699615536978854e+01 9.331356944626886252e-01 4.262771047792517920e-01
6.371999999999999886e+01 1.394455495834016290e+01 1.259388409021971711e+01 9.280812928493575864e-01 4.225895752710870923e-01
6.374000000000000199e+01 1.383249949517508171e+01 1.249048184779962867e+01 9.230678736571170662e-01 4.189497737183347503e-01
6.375999999999999801e+01 1.372024130137669040e+01 1.238678942811020534e+01 9.180949947284658963e-01 4.153568785380185036e-01
6.378000000000000114e+01 1.360777913678809981e+01 1.228280683115053762e+01 9.131622198567611592e-01 4.118100857808006388e-01
6.379999999999999716e+01 1.349511178428960712e+01 1.217853405692130764e+01 9.082691186903242286e-01 4.083086086779758039e-01
6.382000000000000028e+01 1.338223804926280991e+01 1.207397110542251539e+01 9.034152666383064023e-01 4.048516772019871146e-01
6.384000000000000341e+01 1.326915675907232917e+01 1.196911797665393351e+01 8.986002447783539848e-01 4.014385376400422256e-01
6.385999999999999943e+01 1.315586676256166143e+01 1.186397467061533462e+01 8.938236397659717891e-01 3.980684521803563580e-01
6.388000000000000256e+01 1.304236692956335730e+01 1.175854118730717346e+01 8.890850437455772859e-01 3.947406985106057253e-01
6.389999999999999858e+01 1.292865615042086702e+01 1.165281752672945004e+01 8.843840542632235291e-01 3.914545694281932331e-01
6.392000000000000171e+01 1.281473333552452232e+01 1.154680368888170960e+01 8.797202741809101445e-01 3.882093724619025132e-01
6.393999999999999773e+01 1.270059741486173088e+01 1.144049967376463428e+01 8.750933115925041417e-01 3.850044295045930709e-01
6.396000000000000085e+01 1.258624733757526570e+01 1.133390548137754195e+01 8.705027797411871715e-01 3.818390764565367523e-01
6.397999999999999687e+01 1.247168207153817576e+01 1.122702111172065997e+01 8.659482969384386664e-01 3.787126628790781768e-01
