545.600000, 13277.567286, 13150.400000, 119.597396, 7.569889
545.550000, 13258.025116, 13129.950000, 120.457387, 7.617729
545.500000, 13238.492697, 13109.500000, 121.326675, 7.666022
545.450000, 13218.970169, 13089.050000, 122.205392, 7.714777
545.400000, 13199.457675, 13068.600000, 123.093677, 7.763998
545.350000, 13179.955360, 13048.150000, 123.991669, 7.813691
545.300000, 13160.463371, 13027.700000, 124.899509, 7.863862
545.250000, 13140.981860, 13007.250000, 125.817341, 7.914519
545.200000, 13121.510978, 12986.800000, 126.745312, 7.965666
545.150000, 13102.050884, 12966.350000, 127.683573, 8.017310
545.100000, 13082.601734, 12945.900000, 128.632276, 8.069459
545.050000, 13063.163692, 12925.450000, 129.591575, 8.122117
545.000000, 13043.736921, 12905.000000, 130.561629, 8.175292
544.950000, 13024.321591, 12884.550000, 131.542599, 8.228991
544.900000, 13004.917871, 12864.100000, 132.534650, 8.283221
544.850000, 12985.525937, 12843.650000, 133.537948, 8.337989
544.800000, 12966.145965, 12823.200000, 134.552665, 8.393301
544.750000, 12946.778137, 12802.750000, 135.578972, 8.449165
544.700000, 12927.422637, 12782.300000, 136.617049, 8.505589
544.650000, 12908.079653, 12761.850000, 137.667074, 8.562579
544.600000, 12888.749376, 12741.400000, 138.729232, 8.620144
544.550000, 12869.432001, 12720.950000, 139.803709, 8.678291
544.500000, 12850.127727, 12700.500000, 140.890698, 8.737029
544.450000, 12830.836757, 12680.050000, 141.990393, 8.796364
544.400000, 12811.559297, 12659.600000, 143.102991, 8.856306
544.350000, 12792.295558, 12639.150000, 144.228696, 8.916862
544.300000, 12773.045755, 12618.700000, 145.367714, 8.978041
544.250000, 12753.810107, 12598.250000, 146.520254, 9.039852
544.200000, 12734.588836, 12577.800000, 147.686533, 9.102303
544.150000, 12715.382171, 12557.350000, 148.866768, 9.165404
544.100000, 12696.190344, 12536.900000, 150.061182, 9.229162
544.050000, 12677.013592, 12516.450000, 151.270004, 9.293588
544.000000, 12657.852156, 12496.000000, 152.493466, 9.358690
543.950000, 12638.706283, 12475.550000, 153.731804, 9.424479
543.900000, 12619.576223, 12455.100000, 154.985260, 9.490964
543.850000, 12600.462235, 12434.650000, 156.254081, 9.558154
543.800000, 12581.364578, 12414.200000, 157.538518, 9.626060
543.750000, 12562.283521, 12393.750000, 158.838829, 9.694692
543.700000, 12543.219336, 12373.300000, 160.155276, 9.764060
543.650000, 12524.172301, 12352.850000, 161.488125, 9.834175
543.600000, 12505.142699, 12332.400000, 162.837651, 9.905048
543.550000, 12486.130822, 12311.950000, 164.204132, 9.976690
543.500000, 12467.136964, 12291.500000, 165.587853, 10.049111
543.450000, 12448.161427, 12271.050000, 166.989104, 10.122323
543.400000, 12429.204520, 12250.600000, 168.408182, 10.196338
543.350000, 12410.266558, 12230.150000, 169.845391, 10.271167
543.300000, 12391.347862, 12209.700000, 171.301039, 10.346823
543.250000, 12372.448760, 12189.250000, 172.775443, 10.423317
543.200000, 12353.569589, 12168.800000, 174.268926, 10.500663
543.150000, 12334.710690, 12148.350000, 175.781818, 10.578872
543.100000, 12315.872414, 12127.900000, 177.314456, 10.657958
543.050000, 12297.055118, 12107.450000, 178.867184, 10.737933
543.000000, 12278.259167, 12087.000000, 180.440355, 10.818812
542.950000, 12259.484935, 12066.550000, 182.034327, 10.900607
542.900000, 12240.732803, 12046.100000, 183.649469, 10.983334
542.850000, 12222.003161, 12025.650000, 185.286156, 11.067005
542.800000, 12203.296408, 12005.200000, 186.944773, 11.151635
542.750000, 12184.612950, 11984.750000, 188.625711, 11.237239
542.700000, 12165.953205, 11964.300000, 190.329373, 11.323833
542.650000, 12147.317599, 11943.850000, 192.056168, 11.411431
542.600000, 12128.706565, 11923.400000, 193.806517, 11.500048
542.550000, 12110.120551, 11902.950000, 195.580849, 11.589702
542.500000, 12091.560010, 11882.500000, 197.379603, 11.680407
542.450000, 12073.025410, 11862.050000, 199.203229, 11.772181
542.400000, 12054.517226, 11841.600000, 201.052185, 11.865040
542.350000, 12036.035945, 11821.150000, 202.926943, 11.959002
542.300000, 12017.582066, 11800.700000, 204.827983, 12.054084
542.250000, 11999.156100, 11780.250000, 206.755797, 12.150303
542.200000, 11980.758569, 11759.800000, 208.710890, 12.247679
542.150000, 11962.390006, 11739.350000, 210.693777, 12.346229
542.100000, 11944.050960, 11718.900000, 212.704987, 12.445973
542.050000, 11925.741990, 11698.450000, 214.745059, 12.546930
542.000000, 11907.463668, 11678.000000, 216.814548, 12.649120
541.950000, 11889.216583, 11657.550000, 218.914021, 12.752563
541.900000, 11871.001335, 11637.100000, 221.044057, 12.857279
541.850000, 11852.818540, 11616.650000, 223.205252, 12.963289
541.800000, 11834.668829, 11596.200000, 225.398214, 13.070615
541.750000, 11816.552846, 11575.750000, 227.623567, 13.179279
541.700000, 11798.471254, 11555.300000, 229.881951, 13.289303
541.650000, 11780.424731, 11534.850000, 232.174022, 13.400709
541.600000, 11762.413971, 11514.400000, 234.500449, 13.513522
541.550000, 11744.439687, 11493.950000, 236.861923, 13.627764
541.500000, 11726.502608, 11473.500000, 239.259147, 13.743461
541.450000, 11708.603481, 11453.050000, 241.692846, 13.860636
541.400000, 11690.743075, 11432.600000, 244.163760, 13.979315
541.350000, 11672.922175, 11412.150000, 246.672651, 14.099524
541.300000, 11655.141587, 11391.700000, 249.220298, 14.221289
541.250000, 11637.402139, 11371.250000, 251.807501, 14.344638
541.200000, 11619.704679, 11350.800000, 254.435082, 14.469597
541.150000, 11602.050077, 11330.350000, 257.103881, 14.596195
541.100000, 11584.439225, 11309.900000, 259.814764, 14.724461
541.050000, 11566.873041, 11289.450000, 262.568616, 14.854425
541.000000, 11549.352463, 11269.000000, 265.366348, 14.986115
540.950000, 11531.878457, 11248.550000, 268.208894, 15.119563
540.900000, 11514.452014, 11228.100000, 271.097213, 15.254801
540.850000, 11497.074150, 11207.650000, 274.032290, 15.391859
540.800000, 11479.745910, 11187.200000, 277.015137, 15.530773
540.750000, 11462.468366, 11166.750000, 280.046793, 15.671574
540.700000, 11445.242620, 11146.300000, 283.128323, 15.814297
540.650000, 11428.069803, 11125.850000, 286.260826, 15.958977
540.600000, 11410.951077, 11105.400000, 289.445427, 16.105651
540.550000, 11393.887638, 11084.950000, 292.683283, 16.254354
540.500000, 11376.880712, 11064.500000, 295.975586, 16.405126
540.450000, 11359.931561, 11044.050000, 299.323558, 16.558003
540.400000, 11343.041483, 11023.600000, 302.728457, 16.713025
540.350000, 11326.211810, 11003.150000, 306.191576, 16.870234
540.300000, 11309.443915, 10982.700000, 309.714246, 17.029669
540.250000, 11292.739207, 10962.250000, 313.297833, 17.191374
540.200000, 11276.099138, 10941.800000, 316.943747, 17.355391
540.150000, 11259.525199, 10921.350000, 320.653434, 17.521765
540.100000, 11243.018926, 10900.900000, 324.428386, 17.690541
540.050000, 11226.581901, 10880.450000, 328.270135, 17.861765
540.000000, 11210.215748, 10860.000000, 332.180262, 18.035486
539.950000, 11193.922144, 10839.550000, 336.160393, 18.211751
539.900000, 11177.702811, 10819.100000, 340.212200, 18.390611
539.850000, 11161.559527, 10798.650000, 344.337410, 18.572117
539.800000, 11145.494118, 10778.200000, 348.537797, 18.756321
539.750000, 11129.508470, 10757.750000, 352.815194, 18.943277
539.700000, 11113.604523, 10737.300000, 357.171484, 19.133039
539.650000, 11097.784278, 10716.850000, 361.608613, 19.325666
539.600000, 11082.049796, 10696.400000, 366.128583, 19.521213
539.550000, 11066.403203, 10675.950000, 370.733462, 19.719741
539.500000, 11050.846689, 10655.500000, 375.425379, 19.921311
539.450000, 11035.382516, 10635.050000, 380.206531, 20.125984
539.400000, 11020.013012, 10614.600000, 385.079187, 20.333825
539.350000, 11004.740584, 10594.150000, 390.045684, 20.544900
539.300000, 10989.567712, 10573.700000, 395.108437, 20.759275
539.250000, 10974.496958, 10553.250000, 400.269938, 20.977020
539.200000, 10959.530963, 10532.800000, 405.532757, 21.198206
539.150000, 10944.672459, 10512.350000, 410.899553, 21.422906
539.100000, 10929.924261, 10491.900000, 416.373067, 21.651194
539.050000, 10915.289282, 10471.450000, 421.956135, 21.883147
539.000000, 10900.770529, 10451.000000, 427.651684, 22.118845
538.950000, 10886.371107, 10430.550000, 433.462740, 22.358367
538.900000, 10872.094230, 10410.100000, 439.392433, 22.601797
538.850000, 10857.943215, 10389.650000, 445.443994, 22.849221
538.800000, 10843.921496, 10369.200000, 451.620770, 23.100726
538.750000, 10830.032621, 10348.750000, 457.926220, 23.356402
538.700000, 10816.280264, 10328.300000, 464.363921, 23.616342
538.650000, 10802.668221, 10307.850000, 470.937579, 23.880642
538.600000, 10789.200425, 10287.400000, 477.651026, 24.149398
538.550000, 10775.880944, 10266.950000, 484.508231, 24.422713
538.500000, 10762.713993, 10246.500000, 491.513304, 24.700689
538.450000, 10749.703933, 10226.050000, 498.670500, 24.983433
538.400000, 10736.855284, 10205.600000, 505.984230, 25.271054
538.350000, 10724.172729, 10185.150000, 513.459064, 25.563665
538.300000, 10711.661121, 10164.700000, 521.099738, 25.861383
538.250000, 10699.325489, 10144.250000, 528.911163, 26.164326
538.200000, 10687.171050, 10123.800000, 536.898432, 26.472618
538.150000, 10675.203212, 10103.350000, 545.066828, 26.786384
538.100000, 10663.427588, 10082.900000, 553.421833, 27.105755
538.050000, 10651.850000, 10062.450000, 561.969134, 27.430866
538.000000, 10640.476493, 10042.000000, 570.714639, 27.761854
537.950000, 10629.313341, 10021.550000, 579.664478, 28.098862
537.900000, 10618.367060, 10001.100000, 588.825024, 28.442037
537.850000, 10607.644421, 9980.650000, 598.202892, 28.791529
537.800000, 10597.152457, 9960.200000, 607.804963, 29.147495
537.750000, 10586.898479, 9939.750000, 617.638385, 29.510095
537.700000, 10576.890088, 9919.300000, 627.710594, 29.879494
537.650000, 10567.135189, 9898.850000, 638.029324, 30.255865
537.600000, 10557.642004, 9878.400000, 648.602622, 30.639382
537.550000, 10548.419093, 9857.950000, 659.438864, 31.030229
537.500000, 10539.475361, 9837.500000, 670.546769, 31.428592
537.450000, 10530.820084, 9817.050000, 681.935419, 31.834665
537.400000, 10522.462923, 9796.600000, 693.614275, 32.248648
537.350000, 10514.413942, 9776.150000, 705.593193, 32.670749
537.300000, 10506.683632, 9755.700000, 717.882453, 33.101179
537.250000, 10499.282931, 9735.250000, 730.492771, 33.540159
537.200000, 10492.223244, 9714.800000, 743.435326, 33.987918
537.150000, 10485.516473, 9694.350000, 756.721783, 34.444690
537.100000, 10479.175037, 9673.900000, 770.364319, 34.910718
537.050000, 10473.211903, 9653.450000, 784.375648, 35.386254
537.000000, 10467.640612, 9633.000000, 798.769054, 35.871558
536.950000, 10462.475313, 9612.550000, 813.558413, 36.366899
536.900000, 10457.730792, 9592.100000, 828.758236, 36.872555
536.850000, 10453.422508, 9571.650000, 844.383694, 37.388814
536.800000, 10449.566631, 9551.200000, 860.450657, 37.915974
536.750000, 10446.180081, 9530.750000, 876.975737, 38.454344
536.700000, 10443.280565, 9510.300000, 893.976322, 39.004243
536.650000, 10440.886629, 9489.850000, 911.470628, 39.566002
536.600000, 10439.017700, 9469.400000, 929.477736, 40.139964
536.550000, 10437.694139, 9448.950000, 948.017654, 40.726485
536.500000, 10436.937291, 9428.500000, 967.111359, 41.325932
536.450000, 10436.769551, 9408.050000, 986.780862, 41.938689
536.400000, 10437.214419, 9387.600000, 1007.049268, 42.565151
536.350000, 10438.296568, 9367.150000, 1027.940840, 43.205728
536.300000, 10440.041920, 9346.700000, 1049.481071, 43.860849
536.250000, 10442.477720, 9326.250000, 1071.696766, 44.530955
536.200000, 10445.632623, 9305.800000, 1094.616117, 45.216506
536.150000, 10449.536782, 9285.350000, 1118.268803, 45.917979
536.100000, 10454.221957, 9264.900000, 1142.686087, 46.635871
536.050000, 10459.721619, 9244.450000, 1167.900923, 47.370696
536.000000, 10466.071076, 9224.000000, 1193.948086, 48.122990
535.950000, 10473.307615, 9203.550000, 1220.864303, 48.893311
535.900000, 10481.470652, 9183.100000, 1248.688414, 49.682238
535.850000, 10490.601915, 9162.650000, 1277.461542, 50.490373
535.800000, 10500.745648, 9142.200000, 1307.227305, 51.318344
535.750000, 10511.948846, 9121.750000, 1338.032042, 52.166803
535.700000, 10524.261532, 9101.300000, 1369.925101, 53.036431
535.650000, 10537.737091, 9080.850000, 1402.959155, 53.927936
535.600000, 10552.432658, 9060.400000, 1437.190600, 54.842057
535.550000, 10568.409587, 9039.950000, 1472.680023, 55.779563
535.500000, 10585.734021, 9019.500000, 1509.492764, 56.741257
535.450000, 10604.477582, 8999.050000, 1547.699607, 57.727975
535.400000, 10624.718209, 8978.600000, 1587.377618, 58.740592
535.350000, 10646.541185, 8958.150000, 1628.611166, 59.780019
535.300000, 10670.040390, 8937.700000, 1671.493182, 60.847208
535.250000, 10695.319839, 8917.250000, 1716.126683, 61.943156
535.200000, 10722.495553, 8896.800000, 1762.626652, 63.068901
535.150000, 10751.697854, 8876.350000, 1811.122324, 64.225530
535.100000, 10783.074147, 8855.900000, 1861.759966, 65.414181
535.050000, 10816.792303, 8835.450000, 1914.706261, 66.636043
535.000000, 10853.044748, 8815.000000, 1970.152387, 67.892360
534.950000, 10892.053379, 8794.550000, 2028.318941, 69.184438
534.900000, 10934.075463, 8774.100000, 2089.461821, 70.513642
534.850000, 10979.410653, 8753.650000, 2153.879249, 71.881404
534.800000, 11028.409302, 8733.200000, 2221.920078, 73.289224
534.750000, 11081.482259, 8712.750000, 2293.993582, 74.738678
534.700000, 11139.112306, 8692.300000, 2370.580889, 76.231417
534.650000, 11201.867453, 8671.850000, 2452.248276, 77.769177
534.600000, 11270.416249, 8651.400000, 2539.662469, 79.353780
534.550000, 11345.545291, 8630.950000, 2633.608149, 80.987142
534.500000, 11428.179064, 8610.500000, 2735.007788, 82.671277
534.450000, 11519.402234, 8590.050000, 2844.943932, 84.408302
534.400000, 11620.484431, 8569.600000, 2964.683984, 86.200448
534.350000, 11732.907535, 8549.150000, 3095.707473, 88.050062
534.300000, 11858.395347, 8528.700000, 3239.735727, 89.959619
534.250000, 11998.945463, 8508.250000, 3398.763736, 91.931727
534.200000, 12156.863022, 8487.800000, 3575.093886, 93.969136
534.150000, 12334.795852, 8467.350000, 3771.371102, 96.074750
534.100000, 12535.770396, 8446.900000, 3990.618763, 98.251633
534.050000, 12763.227608, 8426.450000, 4236.274584, 100.503024
534.000000, 13021.057812, 8406.000000, 4512.225465, 102.832348
533.950000, 13313.633340, 8385.550000, 4822.840115, 105.243226
533.900000, 13645.837537, 8365.100000, 5172.998045, 107.739492
533.850000, 14023.088560, 8344.650000, 5568.113353, 110.325207
533.800000, 14451.356209, 8324.200000, 6014.151533, 113.004675
533.750000, 14937.169865, 8303.750000, 6517.637404, 115.782461
533.700000, 15487.615552, 8283.300000, 7085.652144, 118.663408
533.650000, 16110.320031, 8262.850000, 7725.817370, 121.652661
533.600000, 16813.419890, 8242.400000, 8446.264203, 124.755687
533.550000, 17605.513665, 8221.950000, 9255.585364, 127.978301
533.500000, 18495.595202, 8201.500000, 10162.768509, 131.326693
533.450000, 19492.966750, 8181.050000, 11177.109296, 134.807454
533.400000, 20607.130645, 8160.600000, 12308.103034, 138.427611
533.350000, 21847.658917, 8140.150000, 13565.314256, 142.194661
533.300000, 23224.040702, 8119.700000, 14958.224096, 146.116607
533.250000, 24745.508020, 8099.250000, 16496.056019, 150.202002
533.200000, 26420.841161, 8078.800000, 18187.581168, 154.459993
533.150000, 28258.155691, 8058.350000, 20040.905320, 158.900371
533.100000, 30264.673860, 8037.900000, 22063.240233, 163.533627
533.050000, 32446.483896, 8017.450000, 24260.662886, 168.371010
533.000000, 34808.291347, 7997.000000, 26637.866752, 173.424595
532.950000, 37353.167182, 7976.550000, 29197.909825, 178.707357
532.900000, 40082.297672, 7956.100000, 31941.964424, 184.233248
532.850000, 42994.741294, 7935.650000, 34869.074002, 190.017292
532.800000, 46087.197730, 7915.200000, 37975.922052, 196.075678
532.750000, 49353.793697, 7894.750000, 41256.617823, 202.425874
532.700000, 52785.889669, 7874.300000, 44702.502923, 209.086747
532.650000, 56371.910687, 7853.850000, 48301.981991, 216.078695
532.600000, 60097.203403, 7833.400000, 52040.379597, 223.423806
532.550000, 63943.920529, 7812.950000, 55899.824514, 231.146016
532.500000, 67890.933076, 7792.500000, 59859.161775, 239.271302
532.450000, 71913.770636, 7772.050000, 63893.892745, 247.827892
532.400000, 75984.590815, 7751.600000, 67976.144315, 256.846499
532.350000, 80072.181281, 7731.150000, 72074.670692, 266.360589
532.300000, 84142.002254, 7710.700000, 76154.895579, 276.406675
532.250000, 88156.283858, 7690.250000, 80179.009192, 287.024666
532.200000, 92074.201583, 7669.800000, 84106.143333, 298.258250
532.150000, 95852.163321, 7649.350000, 87892.657970, 310.155351
532.100000, 99444.251181, 7628.900000, 91492.582526, 322.768655
532.050000, 102802.867558, 7608.450000, 94858.261312, 336.156246
532.000000, 105879.633406, 7588.000000, 97941.251023, 350.382383
531.950000, 108626.572715, 7567.550000, 100693.504237, 365.518477
531.900000, 110997.587265, 7547.100000, 103068.842891, 381.644374
531.850000, 112950.179520, 7526.650000, 105024.679461, 398.850058
531.800000, 114447.324151, 7506.200000, 106523.886133, 417.238019
531.750000, 115459.331729, 7485.750000, 107536.655148, 436.926581
531.700000, 115965.507671, 7465.300000, 108042.152992, 458.054678
531.650000, 115955.402032, 7444.850000, 108029.763308, 480.788724
531.600000, 115429.480603, 7424.400000, 107499.748064, 505.332539
531.550000, 114399.122607, 7403.950000, 106463.231018, 531.941589
531.500000, 112885.949135, 7383.500000, 104941.505899, 560.943236
531.450000, 110920.584694, 7363.050000, 102964.769568, 592.765127
531.400000, 108541.027607, 7342.600000, 100570.453248, 627.974359
531.350000, 105790.837945, 7322.150000, 97801.357489, 667.330456
531.300000, 102717.342383, 7301.700000, 94703.786915, 711.855468
531.250000, 99370.013556, 7281.250000, 91325.839065, 762.924491
531.200000, 95799.123561, 7260.800000, 87715.944213, 822.379348
531.150000, 92054.712899, 7240.350000, 83921.695902, 892.666997
531.100000, 88185.868487, 7219.900000, 79988.966407, 977.002080
531.050000, 84240.271999, 7199.450000, 75961.272179, 1079.549820
531.000000, 80263.962133, 7179.000000, 71879.341030, 1205.621103
530.950000, 76301.247869, 7158.550000, 67780.831784, 1361.866085
530.900000, 72394.710026, 7138.100000, 63700.163598, 1556.446428
530.850000, 68585.231780, 7117.650000, 59668.422020, 1799.159760
530.800000, 64912.003179, 7097.200000, 55713.318989, 2101.484190
530.750000, 61412.449431, 7076.750000, 51859.192742, 2476.506689
530.700000, 58122.038413, 7056.300000, 48127.040060, 2938.698354
530.650000, 55073.930692, 7035.850000, 44534.577544, 3503.503149
530.600000, 52298.446695, 7015.400000, 41096.330890, 4186.715806
530.550000, 49822.341412, 6994.950000, 37823.751931, 5003.639481
530.500000, 47667.897072, 6974.500000, 34725.363024, 5968.034048
530.450000, 45851.867336, 6954.050000, 31806.927584, 7090.889752
530.400000, 44384.329899, 6933.600000, 29071.644556, 8379.085343
530.350000, 43267.523928, 6913.150000, 26520.363599, 9834.010329
530.300000, 42494.759604, 6892.700000, 24151.816866, 11450.242738
530.250000, 42049.484760, 6872.250000, 21962.862655, 13214.372104
530.200000, 41904.576098, 6851.800000, 19948.735796, 15104.040301
530.150000, 42021.893634, 6831.350000, 18103.299592, 17087.244042
530.100000, 42352.111076, 6810.900000, 16419.294261, 19121.916815
530.050000, 42834.841222, 6790.450000, 14888.577216, 21155.814006
530.000000, 43399.157676, 6770.000000, 13502.351041, 23126.806635
529.950000, 43964.810557, 6749.550000, 12251.375716, 24963.884841
529.900000, 44444.723176, 6729.100000, 11126.162342, 26589.460834
529.850000, 44749.572360, 6708.650000, 10117.146397, 27923.775962
529.800000, 44795.047264, 6688.200000, 9214.839307, 28892.007957
529.750000, 44511.401537, 6667.750000, 8409.957815, 29433.693722
529.700000, 43853.300781, 6647.300000, 7693.531293, 29512.469488
529.650000, 42806.723006, 6626.850000, 7056.987673, 29122.885333
529.600000, 41390.108739, 6606.400000, 6492.219187, 28291.489553
529.550000, 39649.281128, 6585.950000, 5991.629416, 27071.701712
529.500000, 37648.330218, 6565.500000, 5548.163464, 25534.666754
529.450000, 35459.793992, 6545.050000, 5155.323213, 23759.420779
529.400000, 33156.664171, 6524.600000, 4807.169723, 21824.894448
529.350000, 30807.103977, 6504.150000, 4498.314836, 19804.639141
529.300000, 28471.516808, 6483.700000, 4223.903987, 17763.912821
529.250000, 26201.164799, 6463.250000, 3979.592139, 15758.322660
529.200000, 24037.655343, 6442.800000, 3761.514576, 13833.340767
529.150000, 22012.905495, 6422.350000, 3566.254147, 12024.301348
529.100000, 20149.428450, 6401.900000, 3390.806340, 10356.722110
529.050000, 18460.902978, 6381.450000, 3232.543378, 8846.909600
529.000000, 16953.012565, 6361.000000, 3089.178323, 7502.834241
528.950000, 15624.521347, 6340.550000, 2958.729990, 6325.241356
528.900000, 14468.523603, 6320.100000, 2839.489290, 5308.934313
528.850000, 13473.781584, 6299.650000, 2729.987463, 4444.144122
528.800000, 12626.059485, 6279.200000, 2628.966523, 3717.892962
528.750000, 11909.368961, 6258.750000, 2535.352102, 3115.266859
528.700000, 11307.059637, 6238.300000, 2448.228783, 2620.530854
528.650000, 10802.711602, 6217.850000, 2366.817944, 2218.043658
528.600000, 10380.811248, 6197.400000, 2290.458027, 1892.953221
528.550000, 10027.213518, 6176.950000, 2218.587149, 1631.676369
528.500000, 9729.410384, 6156.500000, 2150.727892, 1422.182492
528.450000, 9476.636406, 6136.050000, 2086.474112, 1254.112294
528.400000, 9259.847530, 6115.600000, 2025.479579, 1118.767951
528.350000, 9071.609811, 6095.150000, 1967.448268, 1009.011543
528.300000, 8905.931647, 6074.700000, 1912.126113, 919.105534
528.250000, 8758.067821, 6054.250000, 1859.294047, 844.523774
528.200000, 8624.317254, 6033.800000, 1808.762164, 781.755090
528.150000, 8501.830000, 6013.350000, 1760.364841, 728.115159
528.100000, 8388.433239, 5992.900000, 1713.956695, 681.576544
528.050000, 8282.481248, 5972.450000, 1669.409230, 640.622018
528.000000, 8182.730788, 5952.000000, 1626.608083, 604.122705
527.950000, 8088.240840, 5931.550000, 1585.450754, 571.240086
527.900000, 7998.294180, 5911.100000, 1545.844757, 541.349423
527.850000, 7912.337532, 5890.650000, 1507.706095, 513.981437
527.800000, 7829.936908, 5870.200000, 1470.958025, 488.778884
527.750000, 7750.744912, 5849.750000, 1435.530038, 465.464874
527.700000, 7674.477206, 5829.300000, 1401.357036, 443.820170
527.650000, 7600.895789, 5808.850000, 1368.378646, 423.667144
527.600000, 7529.797229, 5788.400000, 1336.538658, 404.858571
527.550000, 7461.004422, 5767.950000, 1305.784564, 387.269858
527.500000, 7394.360824, 5747.500000, 1276.067170, 370.793654
527.450000, 7329.726366, 5727.050000, 1247.340270, 355.336096
527.400000, 7266.974542, 5706.600000, 1219.560372, 340.814171
527.350000, 7205.990269, 5686.150000, 1192.686464, 327.153806
527.300000, 7146.668286, 5665.700000, 1166.679813, 314.288473
527.250000, 7088.911907, 5645.250000, 1141.503786, 302.158121
527.200000, 7032.632035, 5624.800000, 1117.123701, 290.708334
527.150000, 6977.746347, 5604.350000, 1093.506684, 279.889663
527.100000, 6924.178608, 5583.900000, 1070.621552, 269.657056
527.050000, 6871.858087, 5563.450000, 1048.438699, 259.969388
527.000000, 6820.719050, 5543.000000, 1026.930000, 250.789050
526.950000, 6770.700310, 5522.550000, 1006.068716, 242.081594
526.900000, 6721.744831, 5502.100000, 985.829413, 233.815418
526.850000, 6673.799376, 5481.650000, 966.187885, 225.961491
526.800000, 6626.814190, 5461.200000, 947.121082, 218.493108
526.750000, 6580.742715, 5440.750000, 928.607043, 211.385672
526.700000, 6535.541335, 5420.300000, 910.624836, 204.616499
526.650000, 6491.169145, 5399.850000, 893.154503, 198.164642
526.600000, 6447.587739, 5379.400000, 876.177001, 192.010738
526.550000, 6404.761024, 5358.950000, 859.674157, 186.136867
526.500000, 6362.655045, 5338.500000, 843.628620, 180.526424
526.450000, 6321.237825, 5318.050000, 828.023816, 175.164009
526.400000, 6280.479226, 5297.600000, 812.843907, 170.035319
526.350000, 6240.350819, 5277.150000, 798.073755, 165.127064
526.300000, 6200.825758, 5256.700000, 783.698881, 160.426877
526.250000, 6161.878675, 5236.250000, 769.705436, 155.923239
526.200000, 6123.485580, 5215.800000, 756.080166, 151.605415
526.150000, 6085.623766, 5195.350000, 742.810382, 147.463384
526.100000, 6048.271723, 5174.900000, 729.883932, 143.487791
526.050000, 6011.409065, 5154.450000, 717.289176, 139.669889
526.000000, 5975.016452, 5134.000000, 705.014956, 136.001496
525.950000, 5939.075528, 5113.550000, 693.050577, 132.474951
525.900000, 5903.568857, 5093.100000, 681.385782, 129.083074
525.850000, 5868.479864, 5072.650000, 670.010733, 125.819131
525.800000, 5833.792788, 5052.200000, 658.915986, 122.676801
525.750000, 5799.492628, 5031.750000, 648.092479, 119.650149
525.700000, 5765.565101, 5011.300000, 637.531509, 116.733592
525.650000, 5731.996597, 4990.850000, 627.224715, 113.921882
