52.000000, 31.998516, 28.940315, 2.824055, 0.234147
52.020000, 32.006922, 28.920964, 2.850478, 0.235480
52.040000, 32.015712, 28.901613, 2.877274, 0.236824
52.060000, 32.024894, 28.882263, 2.904452, 0.238180
52.080000, 32.034476, 28.862912, 2.932016, 0.239547
52.100000, 32.044464, 28.843561, 2.959976, 0.240927
52.120000, 32.054867, 28.824211, 2.988339, 0.242318
52.140000, 32.065693, 28.804860, 3.017112, 0.243721
52.160000, 32.076950, 28.785509, 3.046304, 0.245137
52.180000, 32.088645, 28.766159, 3.075922, 0.246565
52.200000, 32.100788, 28.746808, 3.105975, 0.248005
52.220000, 32.113388, 28.727457, 3.136472, 0.249458
52.240000, 32.126453, 28.708107, 3.167422, 0.250924
52.260000, 32.139992, 28.688756, 3.198832, 0.252403
52.280000, 32.154015, 28.669405, 3.230714, 0.253895
52.300000, 32.168531, 28.650055, 3.263075, 0.255401
52.320000, 32.183550, 28.630704, 3.295927, 0.256919
52.340000, 32.199083, 28.611353, 3.329278, 0.258452
52.360000, 32.215140, 28.592003, 3.363139, 0.259998
52.380000, 32.231731, 28.572652, 3.397521, 0.261558
52.400000, 32.248868, 28.553301, 3.432434, 0.263132
52.420000, 32.266561, 28.533951, 3.467890, 0.264721
52.440000, 32.284822, 28.514600, 3.503899, 0.266324
52.460000, 32.303663, 28.495249, 3.540473, 0.267941
52.480000, 32.323096, 28.475899, 3.577624, 0.269573
52.500000, 32.343134, 28.456548, 3.615365, 0.271221
52.520000, 32.363788, 28.437197, 3.653707, 0.272883
52.540000, 32.385073, 28.417847, 3.692665, 0.274561
52.560000, 32.407001, 28.398496, 3.732251, 0.276254
52.580000, 32.429587, 28.379146, 3.772478, 0.277963
52.600000, 32.452844, 28.359795, 3.813361, 0.279688
52.620000, 32.476788, 28.340444, 3.854914, 0.281430
52.640000, 32.501433, 28.321094, 3.897152, 0.283187
52.660000, 32.526794, 28.301743, 3.940090, 0.284961
52.680000, 32.552888, 28.282392, 3.983744, 0.286752
52.700000, 32.579730, 28.263042, 4.028129, 0.288559
52.720000, 32.607337, 28.243691, 4.073262, 0.290384
52.740000, 32.635727, 28.224340, 4.119161, 0.292226
52.760000, 32.664918, 28.204990, 4.165842, 0.294086
52.780000, 32.694926, 28.185639, 4.213323, 0.295964
52.800000, 32.725772, 28.166288, 4.261624, 0.297860
52.820000, 32.757474, 28.146938, 4.310762, 0.299774
52.840000, 32.790051, 28.127587, 4.360758, 0.301706
52.860000, 32.823526, 28.108236, 4.411632, 0.303658
52.880000, 32.857917, 28.088886, 4.463404, 0.305628
52.900000, 32.893248, 28.069535, 4.516095, 0.307618
52.920000, 32.929540, 28.050184, 4.569729, 0.309627
52.940000, 32.966816, 28.030834, 4.624327, 0.311656
52.960000, 33.005100, 28.011483, 4.679912, 0.313705
52.980000, 33.044416, 27.992132, 4.736509, 0.315774
53.000000, 33.084789, 27.972782, 4.794143, 0.317864
53.020000, 33.126245, 27.953431, 4.852839, 0.319974
53.040000, 33.168810, 27.934080, 4.912624, 0.322106
53.060000, 33.212513, 27.914730, 4.973524, 0.324259
53.080000, 33.257381, 27.895379, 5.035567, 0.326434
53.100000, 33.303443, 27.876028, 5.098784, 0.328631
53.120000, 33.350730, 27.856678, 5.163202, 0.330850
53.140000, 33.399274, 27.837327, 5.228854, 0.333092
53.160000, 33.449105, 27.817977, 5.295772, 0.335357
53.180000, 33.500257, 27.798626, 5.363987, 0.337644
53.200000, 33.552764, 27.779275, 5.433533, 0.339956
53.220000, 33.606663, 27.759925, 5.504447, 0.342291
53.240000, 33.661988, 27.740574, 5.576764, 0.344650
53.260000, 33.718779, 27.721223, 5.650521, 0.347034
53.280000, 33.777073, 27.701873, 5.725757, 0.349443
53.300000, 33.836912, 27.682522, 5.802513, 0.351877
53.320000, 33.898337, 27.663171, 5.880829, 0.354336
53.340000, 33.961391, 27.643821, 5.960748, 0.356822
53.360000, 34.026119, 27.624470, 6.042315, 0.359334
53.380000, 34.092566, 27.605119, 6.125575, 0.361872
53.400000, 34.160782, 27.585769, 6.210576, 0.364437
53.420000, 34.230815, 27.566418, 6.297367, 0.367030
53.440000, 34.302716, 27.547067, 6.385998, 0.369651
53.460000, 34.376539, 27.527717, 6.476523, 0.372300
53.480000, 34.452339, 27.508366, 6.568996, 0.374977
53.500000, 34.530172, 27.489015, 6.663473, 0.377683
53.520000, 34.610098, 27.469665, 6.760014, 0.380419
53.540000, 34.692177, 27.450314, 6.858678, 0.383185
53.560000, 34.776474, 27.430963, 6.959529, 0.385981
53.580000, 34.863054, 27.411613, 7.062633, 0.388808
53.600000, 34.951986, 27.392262, 7.168058, 0.391666
53.620000, 35.043341, 27.372911, 7.275873, 0.394556
53.640000, 35.137192, 27.353561, 7.386153, 0.397478
53.660000, 35.233616, 27.334210, 7.498973, 0.400433
53.680000, 35.332692, 27.314859, 7.614412, 0.403420
53.700000, 35.434504, 27.295509, 7.732553, 0.406442
53.720000, 35.539137, 27.276158, 7.853482, 0.409497
53.740000, 35.646681, 27.256808, 7.977286, 0.412587
53.760000, 35.757228, 27.237457, 8.104058, 0.415713
53.780000, 35.870875, 27.218106, 8.233895, 0.418874
53.800000, 35.987724, 27.198756, 8.366898, 0.422071
53.820000, 36.107879, 27.179405, 8.503169, 0.425305
53.840000, 36.231449, 27.160054, 8.642818, 0.428576
53.860000, 36.358548, 27.140704, 8.785959, 0.431886
53.880000, 36.489296, 27.121353, 8.932709, 0.435234
53.900000, 36.623815, 27.102002, 9.083192, 0.438621
53.920000, 36.762235, 27.082652, 9.237536, 0.442048
53.940000, 36.904691, 27.063301, 9.395875, 0.445515
53.960000, 37.051323, 27.043950, 9.558350, 0.449023
53.980000, 37.202279, 27.024600, 9.725107, 0.452573
54.000000, 37.357712, 27.005249, 9.896298, 0.456165
54.020000, 37.517783, 26.985898, 10.072084, 0.459801
54.040000, 37.682659, 26.966548, 10.252631, 0.463480
54.060000, 37.852516, 26.947197, 10.438116, 0.467203
54.080000, 38.027538, 26.927846, 10.628720, 0.470972
54.100000, 38.207917, 26.908496, 10.824636, 0.474786
54.120000, 38.393856, 26.889145, 11.026063, 0.478647
54.140000, 38.585564, 26.869794, 11.233214, 0.482556
54.160000, 38.783265, 26.850444, 11.446309, 0.486512
54.180000, 38.987189, 26.831093, 11.665578, 0.490518
54.200000, 39.197582, 26.811742, 11.891266, 0.494573
54.220000, 39.414699, 26.792392, 12.123627, 0.498679
54.240000, 39.638809, 26.773041, 12.362931, 0.502837
54.260000, 39.870195, 26.753690, 12.609458, 0.507047
54.280000, 40.109154, 26.734340, 12.863505, 0.511310
54.300000, 40.356000, 26.714989, 13.125385, 0.515627
54.320000, 40.611063, 26.695639, 13.395425, 0.519999
54.340000, 40.874688, 26.676288, 13.673974, 0.524427
54.360000, 41.147243, 26.656937, 13.961394, 0.528912
54.380000, 41.429113, 26.637587, 14.258071, 0.533455
54.400000, 41.720705, 26.618236, 14.564413, 0.538056
54.420000, 42.022450, 26.598885, 14.880846, 0.542718
54.440000, 42.334802, 26.579535, 15.207826, 0.547441
54.460000, 42.658242, 26.560184, 15.545832, 0.552226
54.480000, 42.993278, 26.540833, 15.895371, 0.557074
54.500000, 43.340448, 26.521483, 16.256980, 0.561986
54.520000, 43.700324, 26.502132, 16.631229, 0.566964
54.540000, 44.073511, 26.482781, 17.018722, 0.572008
54.560000, 44.460649, 26.463431, 17.420099, 0.577120
54.580000, 44.862421, 26.444080, 17.836041, 0.582301
54.600000, 45.279552, 26.424729, 18.267271, 0.587552
54.620000, 45.712812, 26.405379, 18.714559, 0.592875
54.640000, 46.163022, 26.386028, 19.178724, 0.598270
54.660000, 46.631056, 26.366677, 19.660638, 0.603740
54.680000, 47.117845, 26.347327, 20.161233, 0.609285
54.700000, 47.624386, 26.327976, 20.681502, 0.614908
54.720000, 48.151740, 26.308625, 21.222506, 0.620608
54.740000, 48.701045, 26.289275, 21.785381, 0.626389
54.760000, 49.273518, 26.269924, 22.371343, 0.632251
54.780000, 49.870462, 26.250573, 22.981693, 0.638196
54.800000, 50.493275, 26.231223, 23.617827, 0.644225
54.820000, 51.143460, 26.211872, 24.281248, 0.650340
54.840000, 51.822630, 26.192522, 24.973565, 0.656543
54.860000, 52.532523, 26.173171, 25.696516, 0.662836
54.880000, 53.275009, 26.153820, 26.451970, 0.669219
54.900000, 54.052108, 26.134470, 27.241943, 0.675696
54.920000, 54.866000, 26.115119, 28.068614, 0.682267
54.940000, 55.719041, 26.095768, 28.934337, 0.688935
54.960000, 56.613783, 26.076418, 29.841664, 0.695702
54.980000, 57.552992, 26.057067, 30.793357, 0.702568
55.000000, 58.539671, 26.037716, 31.792417, 0.709538
55.020000, 59.577082, 26.018366, 32.842105, 0.716612
55.040000, 60.668774, 25.999015, 33.945967, 0.723792
55.060000, 61.818615, 25.979664, 35.107869, 0.731082
55.080000, 63.030824, 25.960314, 36.332028, 0.738482
55.100000, 64.310007, 25.940963, 37.623048, 0.745996
55.120000, 65.661201, 25.921612, 38.985964, 0.753625
55.140000, 67.089920, 25.902262, 40.426286, 0.761372
55.160000, 68.602202, 25.882911, 41.950051, 0.769240
55.180000, 70.204672, 25.863560, 43.563881, 0.777230
55.200000, 71.904596, 25.844210, 45.275040, 0.785347
55.220000, 73.709956, 25.824859, 47.091505, 0.793591
55.240000, 75.629515, 25.805508, 49.022040, 0.801967
55.260000, 77.672905, 25.786158, 51.076271, 0.810476
55.280000, 79.850706, 25.766807, 53.264777, 0.819122
55.300000, 82.174538, 25.747456, 55.599175, 0.827907
55.320000, 84.657157, 25.728106, 58.092216, 0.836835
55.340000, 87.312552, 25.708755, 60.757888, 0.845909
55.360000, 90.156044, 25.689404, 63.611508, 0.855131
55.380000, 93.204390, 25.670054, 66.669829, 0.864506
55.400000, 96.475872, 25.650703, 69.951132, 0.874037
55.420000, 99.990396, 25.631353, 73.475317, 0.883726
55.440000, 103.769562, 25.612002, 77.263982, 0.893578
55.460000, 107.836733, 25.592651, 81.340485, 0.903597
55.480000, 112.217070, 25.573301, 85.729984, 0.913785
55.500000, 116.937545, 25.553950, 90.459447, 0.924148
55.520000, 122.026915, 25.534599, 95.557628, 0.934688
55.540000, 127.515647, 25.515249, 101.054988, 0.945411
55.560000, 133.435790, 25.495898, 106.983572, 0.956319
55.580000, 139.820780, 25.476547, 113.376814, 0.967419
55.600000, 146.705174, 25.457197, 120.269264, 0.978714
55.620000, 154.124291, 25.437846, 127.696237, 0.990208
55.640000, 162.113767, 25.418495, 135.693364, 1.001907
55.660000, 170.709002, 25.399145, 144.296042, 1.013815
55.680000, 179.944507, 25.379794, 153.538775, 1.025938
55.700000, 189.853132, 25.360443, 163.454407, 1.038281
55.720000, 200.465187, 25.341093, 174.073245, 1.050849
55.740000, 211.807462, 25.321742, 185.422072, 1.063647
55.760000, 223.902140, 25.302391, 197.523067, 1.076682
55.780000, 236.765639, 25.283041, 210.392639, 1.089959
55.800000, 250.407375, 25.263690, 224.040201, 1.103484
55.820000, 264.828504, 25.244339, 238.466901, 1.117263
55.840000, 280.020649, 25.224989, 253.664356, 1.131304
55.860000, 295.964656, 25.205638, 269.613406, 1.145612
55.880000, 312.629432, 25.186287, 286.282950, 1.160195
55.900000, 329.970897, 25.166937, 303.628901, 1.175059
55.920000, 347.931102, 25.147586, 321.593303, 1.190213
55.940000, 366.437571, 25.128235, 340.103673, 1.205662
55.960000, 385.402907, 25.108885, 359.072606, 1.221417
55.980000, 404.724708, 25.089534, 378.397691, 1.237483
56.000000, 424.285836, 25.070184, 397.961781, 1.253871
56.020000, 443.955070, 25.050833, 417.633650, 1.270588
56.040000, 463.588167, 25.031482, 437.269042, 1.287643
56.060000, 483.029334, 25.012132, 456.712157, 1.305046
56.080000, 502.113108, 24.992781, 475.797521, 1.322806
56.100000, 520.666637, 24.973430, 494.352273, 1.340933
56.120000, 538.512303, 24.954080, 512.198786, 1.359438
56.140000, 555.470662, 24.934729, 529.157603, 1.378330
56.160000, 571.363615, 24.915378, 545.050616, 1.397622
56.180000, 586.017741, 24.896028, 559.704390, 1.417323
56.200000, 599.267700, 24.876677, 572.953576, 1.437447
56.220000, 610.959617, 24.857326, 584.644285, 1.458005
56.240000, 620.954329, 24.837976, 594.637343, 1.479011
56.260000, 629.130411, 24.818625, 602.811310, 1.500476
56.280000, 635.386877, 24.799274, 609.065187, 1.522415
56.300000, 639.645464, 24.779924, 613.320698, 1.544842
56.320000, 641.852430, 24.760573, 615.524085, 1.567772
56.340000, 641.979803, 24.741222, 615.647361, 1.591220
56.360000, 640.026030, 24.721872, 613.688957, 1.615201
56.380000, 636.016013, 24.702521, 609.673760, 1.639732
56.400000, 630.000533, 24.683170, 603.652533, 1.664830
56.420000, 622.055070, 24.663820, 595.700736, 1.690513
56.440000, 612.278064, 24.644469, 585.916795, 1.716800
56.460000, 600.788691, 24.625118, 574.419863, 1.743709
56.480000, 587.724200, 24.605768, 561.347172, 1.771261
56.500000, 573.236929, 24.586417, 546.851036, 1.799476
56.520000, 557.491067, 24.567066, 531.095625, 1.828375
56.540000, 540.659292, 24.547716, 514.253594, 1.857983
56.560000, 522.919362, 24.528365, 496.502676, 1.888321
56.580000, 504.450766, 24.509015, 478.022338, 1.919414
56.600000, 485.431532, 24.489664, 458.990579, 1.951289
56.620000, 466.035254, 24.470313, 439.580971, 1.983970
56.640000, 446.428433, 24.450963, 419.959983, 2.017487
56.660000, 426.768149, 24.431612, 400.284668, 2.051869
56.680000, 407.200136, 24.412261, 380.700730, 2.087144
56.700000, 387.857257, 24.392911, 361.341000, 2.123346
56.720000, 368.858398, 24.373560, 342.324331, 2.160507
56.740000, 350.307767, 24.354209, 323.754897, 2.198661
56.760000, 332.294582, 24.334859, 305.721879, 2.237845
56.780000, 314.893113, 24.315508, 288.299510, 2.278096
56.800000, 298.163044, 24.296157, 271.547433, 2.319453
56.820000, 282.150101, 24.276807, 255.511334, 2.361960
56.840000, 266.886911, 24.257456, 240.223798, 2.405657
56.860000, 252.394033, 24.238105, 225.705335, 2.450592
56.880000, 238.681108, 24.218755, 211.965542, 2.496812
56.900000, 225.748099, 24.199404, 199.004330, 2.544366
56.920000, 213.586557, 24.180053, 186.813196, 2.593307
56.940000, 202.180888, 24.160703, 175.376495, 2.643690
56.960000, 191.509593, 24.141352, 164.672667, 2.695574
56.980000, 181.546435, 24.122001, 154.675415, 2.749019
57.000000, 172.261535, 24.102651, 145.354796, 2.804089
57.020000, 163.622369, 24.083300, 136.678217, 2.860851
57.040000, 155.594656, 24.063949, 128.611330, 2.919377
57.060000, 148.143145, 24.044599, 121.118805, 2.979741
57.080000, 141.232280, 24.025248, 114.165010, 3.042022
57.100000, 134.826767, 24.005897, 107.714566, 3.106304
57.120000, 128.892032, 23.986547, 101.732812, 3.172673
57.140000, 123.394587, 23.967196, 96.186167, 3.241224
57.160000, 118.302310, 23.947846, 91.042412, 3.312053
57.180000, 113.584647, 23.928495, 86.270888, 3.385264
57.200000, 109.212748, 23.909144, 81.842635, 3.460968
57.220000, 105.159547, 23.889794, 77.730473, 3.539280
57.240000, 101.399796, 23.870443, 73.909030, 3.620324
57.260000, 97.910056, 23.851092, 70.354734, 3.704230
57.280000, 94.668663, 23.831742, 67.045785, 3.791136
57.300000, 91.655666, 23.812391, 63.962084, 3.881191
57.320000, 88.852754, 23.793040, 61.085164, 3.974550
57.340000, 86.243166, 23.773690, 58.398096, 4.071380
57.360000, 83.811597, 23.754339, 55.885399, 4.171859
57.380000, 81.544097, 23.734988, 53.532932, 4.276176
57.400000, 79.427974, 23.715638, 51.327805, 4.384531
57.420000, 77.451697, 23.696287, 49.258269, 4.497142
57.440000, 75.604802, 23.676936, 47.313629, 4.614236
57.460000, 73.877797, 23.657586, 45.484150, 4.736062
57.480000, 72.262087, 23.638235, 43.760971, 4.862881
57.500000, 70.749887, 23.618884, 42.136026, 4.994977
57.520000, 69.334154, 23.599534, 40.601969, 5.132651
57.540000, 68.008520, 23.580183, 39.152107, 5.276230
57.560000, 66.767231, 23.560832, 37.780336, 5.426062
57.580000, 65.605093, 23.541482, 36.481087, 5.582524
57.600000, 64.517422, 23.522131, 35.249272, 5.746020
57.620000, 63.500002, 23.502780, 34.080235, 5.916986
57.640000, 62.549042, 23.483430, 32.969719, 6.095894
57.660000, 61.661147, 23.464079, 31.913817, 6.283251
57.680000, 60.833283, 23.444728, 30.908947, 6.479608
57.700000, 60.062751, 23.425378, 29.951814, 6.685559
57.720000, 59.347166, 23.406027, 29.039391, 6.901748
57.740000, 58.684436, 23.386677, 28.168885, 7.128874
57.760000, 58.072743, 23.367326, 27.337724, 7.367693
57.780000, 57.510531, 23.347975, 26.543529, 7.619027
57.800000, 56.996494, 23.328625, 25.784102, 7.883768
57.820000, 56.529568, 23.309274, 25.057409, 8.162885
57.840000, 56.108916, 23.289923, 24.361562, 8.457431
57.860000, 55.733935, 23.270573, 23.694811, 8.768551
57.880000, 55.404241, 23.251222, 23.055531, 9.097488
57.900000, 55.119672, 23.231871, 22.442207, 9.445593
57.920000, 54.880288, 23.212521, 21.853432, 9.814335
57.940000, 54.686370, 23.193170, 21.287892, 10.205307
57.960000, 54.538420, 23.173819, 20.744363, 10.620237
57.980000, 54.437166, 23.154469, 20.221699, 11.060998
58.000000, 54.383566, 23.135118, 19.718831, 11.529616
58.020000, 54.378806, 23.115767, 19.234758, 12.028280
58.040000, 54.424308, 23.096417, 18.768541, 12.559350
58.060000, 54.521733, 23.077066, 18.319302, 13.125365
58.080000, 54.672977, 23.057715, 17.886214, 13.729048
58.100000, 54.880181, 23.038365, 17.468503, 14.373314
58.120000, 55.145721, 23.019014, 17.065440, 15.061267
58.140000, 55.472208, 22.999663, 16.676340, 15.796205
58.160000, 55.862484, 22.980313, 16.300557, 16.581614
58.180000, 56.319607, 22.960962, 15.937484, 17.421161
58.200000, 56.846838, 22.941611, 15.586547, 18.318680
58.220000, 57.447622, 22.922261, 15.247205, 19.278157
58.240000, 58.125561, 22.902910, 14.918947, 20.303705
58.260000, 58.884381, 22.883559, 14.601290, 21.399531
58.280000, 59.727891, 22.864209, 14.293778, 22.569904
58.300000, 60.659938, 22.844858, 13.995980, 23.819100
58.320000, 61.684347, 22.825508, 13.707486, 25.151354
58.340000, 62.804857, 22.806157, 13.427908, 26.570792
58.360000, 64.025046, 22.786806, 13.156880, 28.081360
58.380000, 65.348248, 22.767456, 12.894053, 29.686740
58.400000, 66.777459, 22.748105, 12.639096, 31.390259
58.420000, 68.315238, 22.728754, 12.391695, 33.194788
58.440000, 69.963596, 22.709404, 12.151553, 35.102640
58.460000, 71.723887, 22.690053, 11.918385, 37.115449
58.480000, 73.596687, 22.670702, 11.691922, 39.234063
58.500000, 75.581671, 22.651352, 11.471906, 41.458413
58.520000, 77.677500, 22.632001, 11.258094, 43.787405
58.540000, 79.881698, 22.612650, 11.050252, 46.218795
58.560000, 82.190543, 22.593300, 10.848159, 48.749084
58.580000, 84.598968, 22.573949, 10.651602, 51.373417
58.600000, 87.100470, 22.554598, 10.460381, 54.085491
58.620000, 89.687040, 22.535248, 10.274301, 56.877492
58.640000, 92.349113, 22.515897, 10.093179, 59.740038
58.660000, 95.075539, 22.496546, 9.916838, 62.662154
58.680000, 97.853585, 22.477196, 9.745112, 65.631277
58.700000, 100.668965, 22.457845, 9.577840, 68.633280
58.720000, 103.505898, 22.438494, 9.414866, 71.652538
58.740000, 106.347212, 22.419144, 9.256045, 74.672023
58.760000, 109.174466, 22.399793, 9.101236, 77.673436
58.780000, 111.968118, 22.380442, 8.950304, 80.637372
58.800000, 114.707726, 22.361092, 8.803119, 83.543515
58.820000, 117.372170, 22.341741, 8.659558, 86.370871
58.840000, 119.939917, 22.322390, 8.519502, 89.098025
58.860000, 122.389295, 22.303040, 8.382837, 91.703419
58.880000, 124.698799, 22.283689, 8.249453, 94.165656
58.900000, 126.847399, 22.264339, 8.119247, 96.463813
58.920000, 128.814864, 22.244988, 7.992118, 98.577759
58.940000, 130.582077, 22.225637, 7.867967, 100.488472
58.960000, 132.131347, 22.206287, 7.746704, 102.178356
58.980000, 133.446705, 22.186936, 7.628238, 103.631531
59.000000, 134.514178, 22.167585, 7.512483, 104.834110
59.020000, 135.322028, 22.148235, 7.399358, 105.774436
59.040000, 135.860962, 22.128884, 7.288782, 106.443297
59.060000, 136.124297, 22.109533, 7.180679, 106.834085
59.080000, 136.108078, 22.090183, 7.074975, 106.942920
59.100000, 135.811151, 22.070832, 6.971601, 106.768719
59.120000, 135.235182, 22.051481, 6.870486, 106.313214
59.140000, 134.384623, 22.032131, 6.771567, 105.580925
59.160000, 133.266633, 22.012780, 6.674779, 104.579074
59.180000, 131.890945, 21.993429, 6.580060, 103.317455
59.200000, 130.269691, 21.974079, 6.487354, 101.808259
59.220000, 128.417186, 21.954728, 6.396601, 100.065856
59.240000, 126.349676, 21.935377, 6.307749, 98.106550
59.260000, 124.085062, 21.916027, 6.220743, 95.948292
59.280000, 121.642598, 21.896676, 6.135533, 93.610388
59.300000, 119.042577, 21.877325, 6.052070, 91.113182
59.320000, 116.306014, 21.857975, 5.970305, 88.477734
59.340000, 113.454323, 21.838624, 5.890193, 85.725505
59.360000, 110.509011, 21.819273, 5.811690, 82.878047
59.380000, 107.491377, 21.799923, 5.734752, 79.956702
59.400000, 104.422239, 21.780572, 5.659338, 76.982329
59.420000, 101.321681, 21.761221, 5.585408, 73.975052
59.440000, 98.208831, 21.741871, 5.512923, 70.954037
59.460000, 95.101670, 21.722520, 5.441846, 67.937304
59.480000, 92.016874, 21.703170, 5.372139, 64.941566
59.500000, 88.969695, 21.683819, 5.303768, 61.982108
59.520000, 85.973869, 21.664468, 5.236700, 59.072701
59.540000, 83.041561, 21.645118, 5.170900, 56.225544
59.560000, 80.183344, 21.625767, 5.106337, 53.451240
59.580000, 77.408203, 21.606416, 5.042980, 50.758807
59.600000, 74.723570, 21.587066, 4.980799, 48.155705
59.620000, 72.135374, 21.567715, 4.919765, 45.647894
59.640000, 69.648122, 21.548364, 4.859850, 43.239908
59.660000, 67.264986, 21.529014, 4.801027, 40.934946
59.680000, 64.987908, 21.509663, 4.743269, 38.734976
59.700000, 62.817709, 21.490312, 4.686550, 36.640847
59.720000, 60.754210, 21.470962, 4.630847, 34.652402
59.740000, 58.796347, 21.451611, 4.576133, 32.768603
59.760000, 56.942295, 21.432260, 4.522387, 30.987647
59.780000, 55.189580, 21.412910, 4.469585, 29.307085
59.800000, 53.535194, 21.393559, 4.417705, 27.723929
59.820000, 51.975697, 21.374208, 4.366727, 26.234762
59.840000, 50.507318, 21.354858, 4.316628, 24.835833
59.860000, 49.126044, 21.335507, 4.267389, 23.523148
59.880000, 47.827696, 21.316156, 4.218991, 22.292549
59.900000, 46.608006, 21.296806, 4.171413, 21.139786
59.920000, 45.462675, 21.277455, 4.124639, 20.060581
59.940000, 44.387428, 21.258104, 4.078649, 19.050675
59.960000, 43.378059, 21.238754, 4.033426, 18.105879
59.980000, 42.430464, 21.219403, 3.988953, 17.222108
60.000000, 41.540675, 21.200052, 3.945214, 16.395409
60.020000, 40.704879, 21.180702, 3.902192, 15.621985
60.040000, 39.919432, 21.161351, 3.859872, 14.898209
60.060000, 39.180879, 21.142001, 3.818239, 14.220640
60.080000, 38.485950, 21.122650, 3.777277, 13.586023
60.100000, 37.831570, 21.103299, 3.736973, 12.991298
60.120000, 37.214856, 21.083949, 3.697312, 12.433595
60.140000, 36.633113, 21.064598, 3.658281, 11.910234
60.160000, 36.083832, 21.045247, 3.619866, 11.418718
60.180000, 35.564679, 21.025897, 3.582055, 10.956727
60.200000, 35.073491, 21.006546, 3.544835, 10.522110
60.220000, 34.608267, 20.987195, 3.508193, 10.112879
60.240000, 34.167156, 20.967845, 3.472118, 9.727193
60.260000, 33.748450, 20.948494, 3.436598, 9.363358
60.280000, 33.350573, 20.929143, 3.401621, 9.019809
60.300000, 32.972076, 20.909793, 3.367177, 8.695106
60.320000, 32.611621, 20.890442, 3.333255, 8.387924
60.340000, 32.267977, 20.871091, 3.299844, 8.097042
60.360000, 31.940012, 20.851741, 3.266934, 7.821338
60.380000, 31.626684, 20.832390, 3.234515, 7.559779
60.400000, 31.327030, 20.813039, 3.202577, 7.311414
60.420000, 31.040168, 20.793689, 3.171111, 7.075368
60.440000, 30.765281, 20.774338, 3.140108, 6.850835
60.460000, 30.501617, 20.754987, 3.109558, 6.637072
60.480000, 30.248483, 20.735637, 3.079452, 6.433394
60.500000, 30.005237, 20.716286, 3.049783, 6.239168
60.520000, 29.771288, 20.696935, 3.020541, 6.053811
60.540000, 29.546087, 20.677585, 2.991719, 5.876783
60.560000, 29.329126, 20.658234, 2.963308, 5.707584
60.580000, 29.119936, 20.638883, 2.935301, 5.545751
60.600000, 28.918080, 20.619533, 2.907690, 5.390857
60.620000, 28.723152, 20.600182, 2.880468, 5.242502
60.640000, 28.534776, 20.580832, 2.853626, 5.100318
60.660000, 28.352601, 20.561481, 2.827159, 4.963961
60.680000, 28.176301, 20.542130, 2.801060, 4.833111
60.700000, 28.005570, 20.522780, 2.775320, 4.707471
60.720000, 27.840125, 20.503429, 2.749935, 4.586761
60.740000, 27.679699, 20.484078, 2.724897, 4.470724
60.760000, 27.524045, 20.464728, 2.700200, 4.359117
60.780000, 27.372928, 20.445377, 2.675837, 4.251714
60.800000, 27.226132, 20.426026, 2.651804, 4.148302
60.820000, 27.083452, 20.406676, 2.628094, 4.048682
60.840000, 26.944695, 20.387325, 2.604701, 3.952670
60.860000, 26.809682, 20.367974, 2.581619, 3.860089
60.880000, 26.678242, 20.348624, 2.558843, 3.770775
60.900000, 26.550216, 20.329273, 2.536368, 3.684575
60.920000, 26.425454, 20.309922, 2.514189, 3.601343
60.940000, 26.303813, 20.290572, 2.492299, 3.520942
60.960000, 26.185159, 20.271221, 2.470695, 3.443243
60.980000, 26.069367, 20.251870, 2.449371, 3.368126
61.000000, 25.956316, 20.232520, 2.428322, 3.295474
61.020000, 25.845893, 20.213169, 2.407544, 3.225181
61.040000, 25.737993, 20.193818, 2.387031, 3.157143
61.060000, 25.632513, 20.174468, 2.366781, 3.091264
61.080000, 25.529357, 20.155117, 2.346787, 3.027453
61.100000, 25.428434, 20.135766, 2.327046, 2.965622
61.120000, 25.329659, 20.116416, 2.307553, 2.905689
61.140000, 25.232948, 20.097065, 2.288305, 2.847578
61.160000, 25.138224, 20.077714, 2.269297, 2.791213
61.180000, 25.045414, 20.058364, 2.250525, 2.736524
61.200000, 24.954445, 20.039013, 2.231986, 2.683446
61.220000, 24.865252, 20.019663, 2.213675, 2.631914
61.240000, 24.777770, 20.000312, 2.195589, 2.581869
61.260000, 24.691938, 19.980961, 2.177724, 2.533253
61.280000, 24.607699, 19.961611, 2.160076, 2.486012
61.300000, 24.524997, 19.942260, 2.142643, 2.440094
61.320000, 24.443778, 19.922909, 2.125420, 2.395449
61.340000, 24.363993, 19.903559, 2.108404, 2.352031
61.360000, 24.285594, 19.884208, 2.091592, 2.309794
61.380000, 24.208533, 19.864857, 2.074980, 2.268696
61.400000, 24.132767, 19.845507, 2.058566, 2.228695
61.420000, 24.058254, 19.826156, 2.042346, 2.189752
61.440000, 23.984954, 19.806805, 2.026317, 2.151831
61.460000, 23.912827, 19.787455, 2.010477, 2.114895
61.480000, 23.841836, 19.768104, 1.994822, 2.078910
61.500000, 23.771947, 19.748753, 1.979349, 2.043844
61.520000, 23.703124, 19.729403, 1.964056, 2.009665
61.540000, 23.635335, 19.710052, 1.948940, 1.976344
61.560000, 23.568550, 19.690701, 1.933998, 1.943851
61.580000, 23.502737, 19.671351, 1.919227, 1.912159
61.600000, 23.437867, 19.652000, 1.904625, 1.881242
61.620000, 23.373914, 19.632649, 1.890189, 1.851075
61.640000, 23.310849, 19.613299, 1.875917, 1.821634
61.660000, 23.248648, 19.593948, 1.861806, 1.792894
61.680000, 23.187286, 19.574597, 1.847854, 1.764834
61.700000, 23.126739, 19.555247, 1.834059, 1.737433
61.720000, 23.066983, 19.535896, 1.820417, 1.710670
61.740000, 23.007997, 19.516545, 1.806928, 1.684524
61.760000, 22.949760, 19.497195, 1.793588, 1.658978
61.780000, 22.892251, 19.477844, 1.780395, 1.634012
61.800000, 22.835451, 19.458494, 1.767347, 1.609610
61.820000, 22.779339, 19.439143, 1.754443, 1.585753
61.840000, 22.723899, 19.419792, 1.741680, 1.562427
61.860000, 22.669112, 19.400442, 1.729055, 1.539615
61.880000, 22.614960, 19.381091, 1.716568, 1.517302
61.900000, 22.561429, 19.361740, 1.704215, 1.495473
61.920000, 22.508501, 19.342390, 1.691996, 1.474115
61.940000, 22.456161, 19.323039, 1.679907, 1.453215
61.960000, 22.404394, 19.303688, 1.667948, 1.432758
61.980000, 22.353187, 19.284338, 1.656116, 1.412733
62.000000, 22.302524, 19.264987, 1.644410, 1.393127
62.020000, 22.252393, 19.245636, 1.632828, 1.373928
62.040000, 22.202780, 19.226286, 1.621368, 1.355127
62.060000, 22.153673, 19.206935, 1.610028, 1.336710
62.080000, 22.105060, 19.187584, 1.598806, 1.318669
62.100000, 22.056928, 19.168234, 1.587702, 1.300992
62.120000, 22.009267, 19.148883, 1.576713, 1.283670
62.140000, 21.962065, 19.129532, 1.565839, 1.266694
62.160000, 21.915312, 19.110182, 1.555076, 1.250054
62.180000, 21.868997, 19.090831, 1.544424, 1.233742
62.200000, 21.823109, 19.071480, 1.533881, 1.217748
62.220000, 21.777641, 19.052130, 1.523446, 1.202065
62.240000, 21.732580, 19.032779, 1.513117, 1.186684
62.260000, 21.687920, 19.013428, 1.502893, 1.171598
62.280000, 21.643650, 18.994078, 1.492772, 1.156800
62.300000, 21.599762, 18.974727, 1.482754, 1.142281
62.320000, 21.556247, 18.955377, 1.472836, 1.128035
62.340000, 21.513098, 18.936026, 1.463017, 1.114056
62.360000, 21.470307, 18.916675, 1.453296, 1.100335
62.380000, 21.427865, 18.897325, 1.443672, 1.086868
62.400000, 21.385765, 18.877974, 1.434143, 1.073648
62.420000, 21.344000, 18.858623, 1.424709, 1.060668
62.440000, 21.302563, 18.839273, 1.415367, 1.047924
62.460000, 21.261447, 18.819922, 1.406117, 1.035409
62.480000, 21.220645, 18.800571, 1.396957, 1.023117
62.500000, 21.180152, 18.781221, 1.387887, 1.011044
62.520000, 21.139959, 18.761870, 1.378905, 0.999185
62.540000, 21.100062, 18.742519, 1.370009, 0.987533
62.560000, 21.060454, 18.723169, 1.361200, 0.976085
62.580000, 21.021130, 18.703818, 1.352476, 0.964836
62.600000, 20.982083, 18.684467, 1.343835, 0.953781
62.620000, 20.943309, 18.665117, 1.335277, 0.942916
62.640000, 20.904802, 18.645766, 1.326800, 0.932236
62.660000, 20.866556, 18.626415, 1.318404, 0.921737
62.680000, 20.828567, 18.607065, 1.310087, 0.911415
62.700000, 20.790830, 18.587714, 1.301849, 0.901266
62.720000, 20.753339, 18.568363, 1.293689, 0.891287
62.740000, 20.716090, 18.549013, 1.285605, 0.881472
62.760000, 20.679079, 18.529662, 1.277596, 0.871820
62.780000, 20.642300, 18.510311, 1.269663, 0.862326
62.800000, 20.605750, 18.490961, 1.261803, 0.852986
62.820000, 20.569424, 18.471610, 1.254016, 0.843799
62.840000, 20.533319, 18.452259, 1.246300, 0.834759
62.860000, 20.497429, 18.432909, 1.238656, 0.825864
62.880000, 20.461752, 18.413558, 1.231082, 0.817111
62.900000, 20.426282, 18.394208, 1.223578, 0.808497
62.920000, 20.391017, 18.374857, 1.216141, 0.800019
62.940000, 20.355953, 18.355506, 1.208773, 0.791674
62.960000, 20.321086, 18.336156, 1.201471, 0.783460
62.980000, 20.286413, 18.316805, 1.194236, 0.775373
63.000000, 20.251930, 18.297454, 1.187065, 0.767410
63.020000, 20.217633, 18.278104, 1.179959, 0.759571
63.040000, 20.183521, 18.258753, 1.172917, 0.751851
63.060000, 20.149588, 18.239402, 1.165937, 0.744249
63.080000, 20.115833, 18.220052, 1.159020, 0.736761
63.100000, 20.082252, 18.200701, 1.152164, 0.729387
63.120000, 20.048842, 18.181350, 1.145369, 0.722123
63.140000, 20.015601, 18.162000, 1.138634, 0.714967
63.160000, 19.982524, 18.142649, 1.131958, 0.707918
63.180000, 19.949611, 18.123298, 1.125340, 0.700972
63.200000, 19.916857, 18.103948, 1.118781, 0.694129
63.220000, 19.884261, 18.084597, 1.112279, 0.687385
63.240000, 19.851819, 18.065246, 1.105833, 0.680740
63.260000, 19.819530, 18.045896, 1.099443, 0.674191
63.280000, 19.787390, 18.026545, 1.093109, 0.667736
63.300000, 19.755397, 18.007194, 1.086829, 0.661373
63.320000, 19.723549, 17.987844, 1.080603, 0.655102
63.340000, 19.691843, 17.968493, 1.074431, 0.648919
63.360000, 19.660278, 17.949142, 1.068311, 0.642824
63.380000, 19.628850, 17.929792, 1.062244, 0.636814
63.400000, 19.597558, 17.910441, 1.056228, 0.630889
63.420000, 19.566399, 17.891090, 1.050263, 0.625046
63.440000, 19.535372, 17.871740, 1.044349, 0.619284
63.460000, 19.504474, 17.852389, 1.038484, 0.613601
63.480000, 19.473704, 17.833039, 1.032669, 0.607997
63.500000, 19.443059, 17.813688, 1.026902, 0.602469
63.520000, 19.412538, 17.794337, 1.021184, 0.597017
63.540000, 19.382138, 17.774987, 1.015513, 0.591638
63.560000, 19.351857, 17.755636, 1.009889, 0.586332
63.580000, 19.321695, 17.736285, 1.004312, 0.581097
63.600000, 19.291648, 17.716935, 0.998782, 0.575932
63.620000, 19.261716, 17.697584, 0.993296, 0.570836
63.640000, 19.231897, 17.678233, 0.987856, 0.565807
63.660000, 19.202188, 17.658883, 0.982461, 0.560845
63.680000, 19.172589, 17.639532, 0.977109, 0.555948
63.700000, 19.143097, 17.620181, 0.971801, 0.551114
63.720000, 19.113711, 17.600831, 0.966537, 0.546344
63.740000, 19.084430, 17.581480, 0.961315, 0.541635
63.760000, 19.055252, 17.562129, 0.956135, 0.536988
63.780000, 19.026175, 17.542779, 0.950997, 0.532399
63.800000, 18.997199, 17.523428, 0.945901, 0.527870
63.820000, 18.968320, 17.504077, 0.940845, 0.523398
63.840000, 18.939540, 17.484727, 0.935830, 0.518983
63.860000, 18.910854, 17.465376, 0.930854, 0.514624
63.880000, 18.882264, 17.446025, 0.925919, 0.510320
63.900000, 18.853766, 17.426675, 0.921022, 0.506069
63.920000, 18.825360, 17.407324, 0.916164, 0.501871
63.940000, 18.797044, 17.387973, 0.911345, 0.497726
63.960000, 18.768818, 17.368623, 0.906564, 0.493632
63.980000, 18.740680, 17.349272, 0.901820, 0.489588
