10.0    146
10.02   146
10.04   146
10.06   139
10.08   102
10.1    149
10.12   142
10.14   139
10.16   113
10.18   159
10.2    125
10.22   128
10.24   138
10.26   124
10.28   147
10.3    124
10.32   125
10.34   151
10.36   134
10.38   114
10.4    140
10.42   134
10.44   133
10.46   128
10.48   130
10.5    141
10.52   126
10.54   137
10.56   122
10.58   132
10.6    141
10.62   137
10.64   130
10.66   129
10.68   121
10.7    152
10.72   135
10.74   130
10.76   125
10.78   115
10.8    147
10.82   124
10.84   108
10.86   147
10.88   140
10.9    111
10.92   128
10.94   136
10.96   118
10.98   130
11.0    103
11.02   135
11.04   120
11.06   134
11.08   127
11.1    121
11.12   151
11.14   130
11.16   119
11.18   125
11.2    126
11.22   127
11.24   113
11.26   142
11.28   142
11.3    139
11.32   117
11.34   131
11.36   128
11.38   126
11.4    119
11.42   115
11.44   135
11.46   128
11.48   125
11.5    116
11.52   133
11.54   107
11.56   126
11.58   128
11.6    116
11.62   129
11.64   129
11.66   124
11.68   129
11.7    121
11.72   132
11.74   137
11.76   115
11.78   115
11.8    137
11.82   130
11.84   115
11.86   115
11.88   105
11.9    134
11.92   130
11.94   121
11.96   114
11.98   117
12.0    134
12.02   114
12.04   133
12.06   103
12.08   119
12.1    135
12.12   133
12.14   107
12.16   117
12.18   118
12.2    117
12.22   121
12.24   121
12.26   146
12.28   140
12.3    116
12.32   116
12.34   128
12.36   123
12.38   123
12.4    128
12.42   103
12.44   131
12.46   112
12.48   117
12.5    112
12.52   122
12.54   111
12.56   115
12.58   132
12.6    128
12.62   95
12.64   118
12.66   124
12.68   114
12.7    113
12.72   134
12.74   111
12.76   124
12.78   114
12.8    115
12.82   109
12.84   123
12.86   124
12.88   133
12.9    124
12.92   113
12.94   110
12.96   122
12.98   124
13.0    119
13.02   97
13.04   139
13.06   131
13.08   118
13.1    112
13.12   114
13.14   129
13.16   108
13.18   125
13.2    110
13.22   115
13.24   119
13.26   110
13.28   129
13.3    126
13.32   116
13.34   110
13.36   104
13.38   123
13.4    140
13.42   110
13.44   108
13.46   124
13.48   119
13.5    108
13.52   114
13.54   116
13.56   116
13.58   95
13.6    142
13.62   104
13.64   105
13.66   135
13.68   109
13.7    108
13.72   125
13.74   112
13.76   117
13.78   141
13.8    113
13.82   114
13.84   123
13.86   113
13.88   132
13.9    112
13.92   99
13.94   137
13.96   121
13.98   120
14.0    122
14.02   98
14.04   128
14.06   120
14.08   109
14.1    116
14.12   116
14.14   114
14.16   118
14.18   114
14.2    109
14.22   135
14.24   110
14.26   116
14.28   131
14.3    114
14.32   118
14.34   114
14.36   120
14.38   116
14.4    107
14.42   111
14.44   112
14.46   115
14.48   125
14.5    116
14.52   109
14.54   115
14.56   113
14.58   111
14.6    129
14.62   130
14.64   108
14.66   123
14.68   124
14.7    108
14.72   124
14.74   124
14.76   115
14.78   134
14.8    120
14.82   108
14.84   123
14.86   109
14.88   124
14.9    123
14.92   125
14.94   108
14.96   109
14.98   114
15.0    133
15.02   110
15.04   123
15.06   106
15.08   108
15.1    129
15.12   132
15.14   112
15.16   116
15.18   124
15.2    127
15.22   109
15.24   120
15.26   111
15.28   126
15.3    119
15.32   131
15.34   133
15.36   111
15.38   114
15.4    113
15.42   143
15.44   120
15.46   111
15.48   115
15.5    148
15.52   129
15.54   128
15.56   101
15.58   121
15.6    119
15.62   111
15.64   109
15.66   126
15.68   112
15.7    125
15.72   122
15.74   101
15.76   132
15.78   143
15.8    126
15.82   114
15.84   134
15.86   122
15.88   113
15.9    128
15.92   129
15.94   118
15.96   115
15.98   144
16.0    124
16.02   114
16.04   110
16.06   140
16.08   130
16.1    132
16.12   115
16.14   126
16.16   106
16.18   122
16.2    137
16.22   138
16.24   124
16.26   127
16.28   120
16.3    127
16.32   123
16.34   127
16.36   123
16.38   132
16.4    133
16.42   131
16.44   132
16.46   125
16.48   120
16.5    117
16.52   121
16.54   121
16.56   136
16.58   149
16.6    145
16.62   127
16.64   121
16.66   134
16.68   137
16.7    123
16.72   137
16.74   132
16.76   129
16.78   133
16.8    117
16.82   151
16.84   150
16.86   137
16.88   155
16.9    123
16.92   123
16.94   144
16.96   155
16.98   142
17.0    134
17.02   163
17.04   129
17.06   129
17.08   136
17.1    133
17.12   128
17.14   153
17.16   123
17.18   124
17.2    130
17.22   124
17.24   144
17.26   141
17.28   132
17.3    131
17.32   130
17.34   139
17.36   143
17.38   128
17.4    132
17.42   138
17.44   149
17.46   131
17.48   129
17.5    131
17.52   151
17.54   144
17.56   137
17.58   137
17.6    140
17.62   132
17.64   125
17.66   163
17.68   155
17.7    136
17.72   134
17.74   142
17.76   140
17.78   131
17.8    132
17.82   141
17.84   155
17.86   166
17.88   132
17.9    133
17.92   164
17.94   149
17.96   146
17.98   140
18.0    157
18.02   128
18.04   138
18.06   149
18.08   143
18.1    141
18.12   148
18.14   152
18.16   146
18.18   155
18.2    136
18.22   150
18.24   139
18.26   136
18.28   131
18.3    140
18.32   151
18.34   143
18.36   168
18.38   142
18.4    139
18.42   131
18.44   137
18.46   148
18.48   126
18.5    166
18.52   149
18.54   146
18.56   141
18.58   153
18.6    133
18.62   161
18.64   139
18.66   151
18.68   140
18.7    170
18.72   156
18.74   161
18.76   141
18.78   139
18.8    154
18.82   142
18.84   143
18.86   141
18.88   135
18.9    171
18.92   163
18.94   140
18.96   140
18.98   143
19.0    164
19.02   158
19.04   152
19.06   148
19.08   146
19.1    180
19.12   166
19.14   141
19.16   167
19.18   156
19.2    161
19.22   165
19.24   142
19.26   150
19.28   149
19.3    166
19.32   169
19.34   167
19.36   161
19.38   152
19.4    191
19.42   152
19.44   150
19.46   164
19.48   150
19.5    148
19.52   158
19.54   145
19.56   149
19.58   138
19.6    150
19.62   163
19.64   149
19.66   149
19.68   151
19.7    155
19.72   162
19.74   162
19.76   170
19.78   141
19.8    157
19.82   138
19.84   164
19.86   161
19.88   151
19.9    155
19.92   157
19.94   145
19.96   174
19.98   172
20.0    155
20.02   154
20.04   143
20.06   164
20.08   180
20.1    157
20.12   145
20.14   142
20.16   170
20.18   141
20.2    181
20.22   151
20.24   167
20.26   162
20.28   175
20.3    154
20.32   154
20.34   151
20.36   147
20.38   156
20.4    166
20.42   153
20.44   182
20.46   144
20.48   159
20.5    177
20.52   155
20.54   168
20.56   169
20.58   141
20.6    172
20.62   141
20.64   160
20.66   167
20.68   170
20.7    176
20.72   190
20.74   159
20.76   153
20.78   152
20.8    146
20.82   160
20.84   180
20.86   189
20.88   145
20.9    137
20.92   145
20.94   150
20.96   166
20.98   169
21.0    161
21.02   154
21.04   162
21.06   163
21.08   194
21.1    153
21.12   151
21.14   164
21.16   159
21.18   147
21.2    147
21.22   149
21.24   157
21.26   146
21.28   163
21.3    156
21.32   165
21.34   157
21.36   133
21.38   156
21.4    150
21.42   170
21.44   151
21.46   164
21.48   150
21.5    160
21.52   165
21.54   142
21.56   162
21.58   150
21.6    160
21.62   174
21.64   165
21.66   157
21.68   173
21.7    156
21.72   170
21.74   154
21.76   140
21.78   144
21.8    161
21.82   153
21.84   137
21.86   164
21.88   180
21.9    169
21.92   154
21.94   143
21.96   158
21.98   146
22.0    156
22.02   165
22.04   137
22.06   147
22.08   161
22.1    166
22.12   170
22.14   131
22.16   133
22.18   142
22.2    159
22.22   169
22.24   158
22.26   158
22.28   133
22.3    158
22.32   141
22.34   185
22.36   160
22.38   158
22.4    147
22.42   156
22.44   158
22.46   147
22.48   136
22.5    154
22.52   142
22.54   192
22.56   149
22.58   158
22.6    151
22.62   147
22.64   132
22.66   144
22.68   134
22.7    131
22.72   137
22.74   176
22.76   174
22.78   132
22.8    133
22.82   132
22.84   150
22.86   170
22.88   165
22.9    151
22.92   144
22.94   138
22.96   147
22.98   149
23.0    143
23.02   163
23.04   123
23.06   153
23.08   161
23.1    157
23.12   145
23.14   123
23.16   154
23.18   128
23.2    168
23.22   146
23.24   154
23.26   137
23.28   138
23.3    138
23.32   140
23.34   149
23.36   140
23.38   149
23.4    149
23.42   159
23.44   138
23.46   123
23.48   135
23.5    174
23.52   155
23.54   154
23.56   137
23.58   134
23.6    159
23.62   168
23.64   167
23.66   131
23.68   129
23.7    138
23.72   137
23.74   159
23.76   144
23.78   134
23.8    130
23.82   151
23.84   146
23.86   147
23.88   149
23.9    160
23.92   159
23.94   140
23.96   133
23.98   127
24.0    148
24.02   166
24.04   158
24.06   130
24.08   137
24.1    131
24.12   147
24.14   138
24.16   159
24.18   143
24.2    155
24.22   130
24.24   144
24.26   142
24.28   143
24.3    130
24.32   138
24.34   132
24.36   131
24.38   147
24.4    137
24.42   134
24.44   136
24.46   154
24.48   113
24.5    135
24.52   129
24.54   163
24.56   136
24.58   135
24.6    131
24.62   142
24.64   141
24.66   157
24.68   127
24.7    143
24.72   141
24.74   168
24.76   123
24.78   167
24.8    126
24.82   157
24.84   135
24.86   138
24.88   135
24.9    133
24.92   141
24.94   132
24.96   142
24.98   152
25.0    143
25.02   137
25.04   127
25.06   131
25.08   139
25.1    137
25.12   138
25.14   128
25.16   117
25.18   142
25.2    150
25.22   152
25.24   133
25.26   156
25.28   157
25.3    121
25.32   131
25.34   130
25.36   156
25.38   143
25.4    155
25.42   143
25.44   128
25.46   137
25.48   123
25.5    163
25.52   143
25.54   137
25.56   138
25.58   154
25.6    128
25.62   156
25.64   117
25.66   135
25.68   146
25.7    124
25.72   147
25.74   153
25.76   119
25.78   143
25.8    136
25.82   140
25.84   149
25.86   135
25.88   133
25.9    132
25.92   128
25.94   152
25.96   147
25.98   172
26.0    144
26.02   154
26.04   144
26.06   133
26.08   133
26.1    136
26.12   133
26.14   142
26.16   136
26.18   173
26.2    144
26.22   126
26.24   155
26.26   141
26.28   137
26.3    144
26.32   151
26.34   136
26.36   153
26.38   142
26.4    170
26.42   174
26.44   129
26.46   141
26.48   146
26.5    128
26.52   157
26.54   145
26.56   132
26.58   143
26.6    146
26.62   188
26.64   144
26.66   150
26.68   154
26.7    143
26.72   161
26.74   144
26.76   152
26.78   146
26.8    133
26.82   160
26.84   150
26.86   193
26.88   173
26.9    156
26.92   164
26.94   162
26.96   168
26.98   186
27.0    171
27.02   174
27.04   171
27.06   157
27.08   195
27.1    165
27.12   159
27.14   175
27.16   168
27.18   157
27.2    159
27.22   178
27.24   181
27.26   176
27.28   169
27.3    177
27.32   185
27.34   237
27.36   187
27.38   196
27.4    175
27.42   186
27.44   221
27.46   208
27.48   242
27.5    219
27.52   207
27.54   194
27.56   233
27.58   217
27.6    254
27.62   237
27.64   269
27.66   247
27.68   267
27.7    241
27.72   260
27.74   304
27.76   284
27.78   326
27.8    337
27.82   327
27.84   323
27.86   357
27.88   342
27.9    408
27.92   412
27.94   424
27.96   487
27.98   523
28.0    488
28.02   553
28.04   585
28.06   596
28.08   617
28.1    651
28.12   744
28.14   784
28.16   763
28.18   820
28.2    872
28.22   1042
28.24   968
28.26   1054
28.28   1187
28.3    1237
28.32   1246
28.34   1368
28.36   1378
28.38   1433
28.4    1556
28.42   1601
28.44   1594
28.46   1572
28.48   1611
28.5    1739
28.52   1645
28.54   1717
28.56   1652
28.58   1692
28.6    1631
28.62   1626
28.64   1547
28.66   1471
28.68   1443
28.7    1354
28.72   1342
28.74   1293
28.76   1181
28.78   1098
28.8    1022
28.82   1068
28.84   979
28.86   955
28.88   910
28.9    718
28.92   717
28.94   667
28.96   708
28.98   678
29.0    629
29.02   589
29.04   475
29.06   463
29.08   399
29.1    412
29.12   450
29.14   434
29.16   386
29.18   347
29.2    312
29.22   275
29.24   328
29.26   317
29.28   325
29.3    288
29.32   272
29.34   250
29.36   257
29.38   268
29.4    235
29.42   232
29.44   216
29.46   217
29.48   229
29.5    208
29.52   242
29.54   191
29.56   190
29.58   178
29.6    141
29.62   160
29.64   141
29.66   183
29.68   155
29.7    167
29.72   164
29.74   173
29.76   167
29.78   141
29.8    128
29.82   140
29.84   154
29.86   137
29.88   151
29.9    132
29.92   134
29.94   121
29.96   118
29.98   108
30.0    123
30.02   140
30.04   119
30.06   164
30.08   130
30.1    104
30.12   122
30.14   104
30.16   112
30.18   120
30.2    114
30.22   136
30.24   124
30.26   133
30.28   131
30.3    122
30.32   116
30.34   111
30.36   110
30.38   90
30.4    91
30.42   96
30.44   91
30.46   94
30.48   128
30.5    112
30.52   116
30.54   88
30.56   88
30.58   87
30.6    113
30.62   88
30.64   111
30.66   102
30.68   85
30.7    112
30.72   80
30.74   104
30.76   92
30.78   88
30.8    104
30.82   71
30.84   87
30.86   89
30.88   83
30.9    109
30.92   83
30.94   82
30.96   99
30.98   87
31.0    105
31.02   92
31.04   85
31.06   78
31.08   77
31.1    99
31.12   87
31.14   104
31.16   104
31.18   83
31.2    75
31.22   75
31.24   97
31.26   97
31.28   88
31.3    85
31.32   83
31.34   81
31.36   72
31.38   87
31.4    72
31.42   76
31.44   93
31.46   80
31.48   95
31.5    95
31.52   79
31.54   81
31.56   77
31.58   102
31.6    93
31.62   103
31.64   99
31.66   75
31.68   71
31.7    80
31.72   78
31.74   77
31.76   95
31.78   95
31.8    86
31.82   101
31.84   90
31.86   83
31.88   88
31.9    95
31.92   77
31.94   89
31.96   86
31.98   66
32.0    112
32.02   106
32.04   104
32.06   103
32.08   78
32.1    87
32.12   103
32.14   92
32.16   132
32.18   105
32.2    115
32.22   102
32.24   84
32.26   112
32.28   110
32.3    121
32.32   125
32.34   115
32.36   117
32.38   126
32.4    146
32.42   134
32.44   172
32.46   172
32.48   188
32.5    169
32.52   154
32.54   175
32.56   155
32.58   177
32.6    214
32.62   208
32.64   238
32.66   279
32.68   257
32.7    263
32.72   277
32.74   307
32.76   321
32.78   394
32.8    356
32.82   371
32.84   389
32.86   384
32.88   439
32.9    443
32.92   469
32.94   460
32.96   447
32.98   475
33.0    507
33.02   510
33.04   561
33.06   510
33.08   547
33.1    549
33.12   442
33.14   487
33.16   490
33.18   413
33.2    450
33.22   445
33.24   446
33.26   409
33.28   412
33.3    353
33.32   358
33.34   334
33.36   292
33.38   288
33.4    270
33.42   273
33.44   268
33.46   234
33.48   248
33.5    188
33.52   202
33.54   198
33.56   188
33.58   157
33.6    149
33.62   126
33.64   170
33.66   147
33.68   127
33.7    135
33.72   106
33.74   111
33.76   102
33.78   114
33.8    113
33.82   95
33.84   88
33.86   90
33.88   81
33.9    73
33.92   80
33.94   103
33.96   88
33.98   97
34.0    71
34.02   75
34.04   61
34.06   63
34.08   81
34.1    63
34.12   76
34.14   88
34.16   71
34.18   67
34.2    63
34.22   76
34.24   60
34.26   53
34.28   66
34.3    53
34.32   70
34.34   54
34.36   58
34.38   53
34.4    59
34.42   61
34.44   53
34.46   56
34.48   59
34.5    51
34.52   52
34.54   69
34.56   55
34.58   63
34.6    73
34.62   39
34.64   52
34.66   60
34.68   56
34.7    45
34.72   47
34.74   55
34.76   48
34.78   57
34.8    60
34.82   42
34.84   49
34.86   48
34.88   44
34.9    47
34.92   44
34.94   43
34.96   61
34.98   67
35.0    58
35.02   47
35.04   44
35.06   47
35.08   47
35.1    39
35.12   55
35.14   54
35.16   62
35.18   45
35.2    39
35.22   46
35.24   39
35.26   43
35.28   47
35.3    37
35.32   53
35.34   43
35.36   43
35.38   39
35.4    46
35.42   46
35.44   40
35.46   40
35.48   41
35.5    54
35.52   36
35.54   29
35.56   32
35.58   44
35.6    42
35.62   65
35.64   36
35.66   53
35.68   42
35.7    41
35.72   32
35.74   40
35.76   46
35.78   37
35.8    50
35.82   32
35.84   42
35.86   45
35.88   28
35.9    36
35.92   39
35.94   33
35.96   27
35.98   32
36.0    53
36.02   40
36.04   33
36.06   44
36.08   38
36.1    33
36.12   36
36.14   34
36.16   36
36.18   43
36.2    48
36.22   33
36.24   32
36.26   38
36.28   36
36.3    36
36.32   42
36.34   33
36.36   45
36.38   25
36.4    29
36.42   34
36.44   33
36.46   36
36.48   33
36.5    31
36.52   29
36.54   32
36.56   29
36.58   34
36.6    20
36.62   32
36.64   30
36.66   31
36.68   44
36.7    37
36.72   36
36.74   39
36.76   37
36.78   34
36.8    30
36.82   32
36.84   30
36.86   39
36.88   30
36.9    27
36.92   32
36.94   32
36.96   32
36.98   39
37.0    29
37.02   28
37.04   32
37.06   20
37.08   26
37.1    35
37.12   24
37.14   38
37.16   31
37.18   33
37.2    29
37.22   22
37.24   26
37.26   30
37.28   35
37.3    38
37.32   29
37.34   34
37.36   33
37.38   30
37.4    32
37.42   32
37.44   28
37.46   31
37.48   27
37.5    27
37.52   25
37.54   38
37.56   27
37.58   23
37.6    26
37.62   36
37.64   24
37.66   33
37.68   23
37.7    31
37.72   21
37.74   36
37.76   29
37.78   28
37.8    25
37.82   38
37.84   30
37.86   29
37.88   31
37.9    26
37.92   23
37.94   24
37.96   26
37.98   23
38.0    24
38.02   25
38.04   26
38.06   23
38.08   23
38.1    34
38.12   25
38.14   23
38.16   24
38.18   24
38.2    24
38.22   21
38.24   31
38.26   23
38.28   26
38.3    21
38.32   30
38.34   24
38.36   26
38.38   26
38.4    30
38.42   16
38.44   27
38.46   21
38.48   26
38.5    18
38.52   40
38.54   23
38.56   30
38.58   21
38.6    20
38.62   14
38.64   20
38.66   18
38.68   25
38.7    23
38.72   21
38.74   20
38.76   30
38.78   29
38.8    28
38.82   23
38.84   24
38.86   20
38.88   23
38.9    18
38.92   14
38.94   25
38.96   32
38.98   26
39.0    31
39.02   30
39.04   21
39.06   21
39.08   17
39.1    24
39.12   27
39.14   21
39.16   18
39.18   22
39.2    28
39.22   17
39.24   22
39.26   20
39.28   26
39.3    12
39.32   20
39.34   24
39.36   22
39.38   20
39.4    23
39.42   37
39.44   24
39.46   25
39.48   19
39.5    26
39.52   14
39.54   32
39.56   27
39.58   29
39.6    13
39.62   15
39.64   20
39.66   12
39.68   15
39.7    24
39.72   21
39.74   31
39.76   31
39.78   15
39.8    27
39.82   17
39.84   15
39.86   30
39.88   20
39.9    20
39.92   24
39.94   18
39.96   15
39.98   33
40.0    32
40.02   21
40.04   20
40.06   32
40.08   13
40.1    11
40.12   14
40.14   28
40.16   10
40.18   24
40.2    26
40.22   35
40.24   11
40.26   28
40.28   21
40.3    16
40.32   20
40.34   31
40.36   20
40.38   17
40.4    10
40.42   23
40.44   17
40.46   18
40.48   27
40.5    22
40.52   34
40.54   16
40.56   20
40.58   26
40.6    20
40.62   12
40.64   14
40.66   25
40.68   23
40.7    19
40.72   21
40.74   22
40.76   27
40.78   18
40.8    13
40.82   13
40.84   10
40.86   22
40.88   17
40.9    25
40.92   26
40.94   33
40.96   24
40.98   30
41.0    29
41.02   23
41.04   19
41.06   21
41.08   16
41.1    18
41.12   19
41.14   29
41.16   20
41.18   25
41.2    14
41.22   20
41.24   17
41.26   21
41.28   28
41.3    23
41.32   31
41.34   15
41.36   24
41.38   21
41.4    23
41.42   17
41.44   29
41.46   19
41.48   27
41.5    26
41.52   17
41.54   22
41.56   15
41.58   22
41.6    28
41.62   27
41.64   29
41.66   30
41.68   30
41.7    26
41.72   16
41.74   22
41.76   27
41.78   11
41.8    13
41.82   20
41.84   22
41.86   20
41.88   27
41.9    19
41.92   23
41.94   19
41.96   24
41.98   24
42.0    23
42.02   27
42.04   29
42.06   24
42.08   13
42.1    24
42.12   17
42.14   30
42.16   22
42.18   29
42.2    19
42.22   31
42.24   24
42.26   14
42.28   23
42.3    23
42.32   31
42.34   13
42.36   23
42.38   19
42.4    22
42.42   21
42.44   26
42.46   33
42.48   30
42.5    24
42.52   29
42.54   27
42.56   18
42.58   28
42.6    20
42.62   19
42.64   33
42.66   29
42.68   29
42.7    29
42.72   17
42.74   25
42.76   22
42.78   18
42.8    15
42.82   26
42.84   22
42.86   22
42.88   21
42.9    21
42.92   32
42.94   27
42.96   27
42.98   24
43.0    29
43.02   30
43.04   20
43.06   26
43.08   26
43.1    33
43.12   28
43.14   24
43.16   36
43.18   23
43.2    35
43.22   17
43.24   39
43.26   28
43.28   34
43.3    29
43.32   26
43.34   43
43.36   29
43.38   29
43.4    28
43.42   21
43.44   42
43.46   38
43.48   29
43.5    20
43.52   28
43.54   23
43.56   24
43.58   27
43.6    26
43.62   22
43.64   26
43.66   24
43.68   38
43.7    21
43.72   40
43.74   40
43.76   32
43.78   34
43.8    35
43.82   29
43.84   24
43.86   31
43.88   30
43.9    27
43.92   31
43.94   34
43.96   35
43.98   27
44.0    32
44.02   39
44.04   29
44.06   30
44.08   40
44.1    28
44.12   23
44.14   26
44.16   37
44.18   36
44.2    35
44.22   33
44.24   33
44.26   33
44.28   28
44.3    39
44.32   31
44.34   26
44.36   36
44.38   29
44.4    44
44.42   33
44.44   40
44.46   26
44.48   32
44.5    21
44.52   35
44.54   32
44.56   26
44.58   34
44.6    27
44.62   42
44.64   32
44.66   30
44.68   44
44.7    33
44.72   39
44.74   44
44.76   38
44.78   46
44.8    30
44.82   50
44.84   35
44.86   40
44.88   37
44.9    36
44.92   63
44.94   32
44.96   41
44.98   32
45.0    33
45.02   32
45.04   32
45.06   45
45.08   41
45.1    47
45.12   39
45.14   48
45.16   37
45.18   43
45.2    38
45.22   40
45.24   44
45.26   44
45.28   43
45.3    38
45.32   58
45.34   49
45.36   40
45.38   43
45.4    40
45.42   43
45.44   43
45.46   43
45.48   55
45.5    55
45.52   43
45.54   37
45.56   58
45.58   43
45.6    47
45.62   50
45.64   48
45.66   47
45.68   43
45.7    42
45.72   64
45.74   45
45.76   64
45.78   64
45.8    45
45.82   63
45.84   47
45.86   55
45.88   55
45.9    59
45.92   60
45.94   67
45.96   84
45.98   68
46.0    64
46.02   76
46.04   67
46.06   85
46.08   64
46.1    78
46.12   84
46.14   83
46.16   75
46.18   58
46.2    93
46.22   73
46.24   93
46.26   85
46.28   91
46.3    103
46.32   90
46.34   93
46.36   97
46.38   99
46.4    99
46.42   110
46.44   110
46.46   111
46.48   113
46.5    131
46.52   110
46.54   123
46.56   146
46.58   132
46.6    139
46.62   144
46.64   166
46.66   145
46.68   130
46.7    151
46.72   187
46.74   188
46.76   179
46.78   219
46.8    204
46.82   238
46.84   230
46.86   253
46.88   253
46.9    264
46.92   283
46.94   257
46.96   297
46.98   334
47.0    318
47.02   362
47.04   362
47.06   419
47.08   448
47.1    414
47.12   523
47.14   559
47.16   556
47.18   563
47.2    607
47.22   635
47.24   670
47.26   657
47.28   669
47.3    782
47.32   790
47.34   829
47.36   756
47.38   864
47.4    838
47.42   807
47.44   830
47.46   893
47.48   832
47.5    947
47.52   845
47.54   900
47.56   884
47.58   857
47.6    823
47.62   734
47.64   718
47.66   725
47.68   705
47.7    617
47.72   588
47.74   613
47.76   606
47.78   546
47.8    493
47.82   546
47.84   536
47.86   450
47.88   418
47.9    370
47.92   391
47.94   391
47.96   352
47.98   340
48.0    296
48.02   325
48.04   283
48.06   241
48.08   224
48.1    216
48.12   231
48.14   211
48.16   232
48.18   171
48.2    188
48.22   195
48.24   199
48.26   141
48.28   165
48.3    170
48.32   169
48.34   98
48.36   135
48.38   119
48.4    138
48.42   109
48.44   82
48.46   136
48.48   126
48.5    114
48.52   90
48.54   108
48.56   102
48.58   96
48.6    89
48.62   86
48.64   98
48.66   93
48.68   94
48.7    95
48.72   112
48.74   74
48.76   76
48.78   77
48.8    75
48.82   71
48.84   69
48.86   64
48.88   69
48.9    70
48.92   65
48.94   64
48.96   64
48.98   75
49.0    63
49.02   65
49.04   78
49.06   48
49.08   60
49.1    69
49.12   65
49.14   75
49.16   59
49.18   60
49.2    65
49.22   44
49.24   61
49.26   56
49.28   59
49.3    55
49.32   37
49.34   65
49.36   53
49.38   49
49.4    54
49.42   59
49.44   50
49.46   54
49.48   51
49.5    56
49.52   54
49.54   46
49.56   49
49.58   49
49.6    44
49.62   42
49.64   53
49.66   37
49.68   52
49.7    45
49.72   38
49.74   48
49.76   45
49.78   40
49.8    53
49.82   40
49.84   49
49.86   36
49.88   44
49.9    41
49.92   45
49.94   37
49.96   50
49.98   29
50.0    45
50.02   33
50.04   46
50.06   48
50.08   30
50.1    47
50.12   35
50.14   35
50.16   38
50.18   43
50.2    40
50.22   32
50.24   31
50.26   26
50.28   45
50.3    43
50.32   36
50.34   35
50.36   39
50.38   32
50.4    30
50.42   33
50.44   37
50.46   30
50.48   35
50.5    42
50.52   50
50.54   25
50.56   35
50.58   35
50.6    35
50.62   35
50.64   43
50.66   28
50.68   48
50.7    35
50.72   28
50.74   29
50.76   30
50.78   39
50.8    35
50.82   37
50.84   27
50.86   34
50.88   42
50.9    35
50.92   42
50.94   36
50.96   37
50.98   33
51.0    29
51.02   28
51.04   32
51.06   31
51.08   33
51.1    35
51.12   35
51.14   30
51.16   30
51.18   31
51.2    23
51.22   26
51.24   31
51.26   22
51.28   37
51.3    23
51.32   37
51.34   39
51.36   44
51.38   34
51.4    26
51.42   36
51.44   31
51.46   27
51.48   24
51.5    27
51.52   25
51.54   23
51.56   32
51.58   34
51.6    30
51.62   33
51.64   35
51.66   32
51.68   48
51.7    34
51.72   44
51.74   19
51.76   38
51.78   32
51.8    28
51.82   25
51.84   23
51.86   24
51.88   33
51.9    23
51.92   32
51.94   38
51.96   27
51.98   29
52.0    31
52.02   33
52.04   28
52.06   23
52.08   31
52.1    27
52.12   29
52.14   31
52.16   23
52.18   26
52.2    25
52.22   25
52.24   27
52.26   35
52.28   30
52.3    29
52.32   35
52.34   38
52.36   34
52.38   36
52.4    22
52.42   41
52.44   24
52.46   22
52.48   22
52.5    29
52.52   22
52.54   33
52.56   22
52.58   29
52.6    28
52.62   35
52.64   34
52.66   39
52.68   26
52.7    28
52.72   36
52.74   26
52.76   25
52.78   21
52.8    27
52.82   21
52.84   28
52.86   26
52.88   34
52.9    32
52.92   40
52.94   23
52.96   31
52.98   33
53.0    23
53.02   30
53.04   24
53.06   24
53.08   29
53.1    26
53.12   33
53.14   35
53.16   29
53.18   32
53.2    42
53.22   28
53.24   23
53.26   28
53.28   25
53.3    35
53.32   27
53.34   26
53.36   35
53.38   36
53.4    28
53.42   32
53.44   36
53.46   34
53.48   41
53.5    29
53.52   23
53.54   35
53.56   44
53.58   27
53.6    36
53.62   28
53.64   34
53.66   38
53.68   37
53.7    34
53.72   42
53.74   29
53.76   41
53.78   30
53.8    26
53.82   38
53.84   32
53.86   32
53.88   35
53.9    34
53.92   32
53.94   36
53.96   37
53.98   38
54.0    37
54.02   37
54.04   35
54.06   28
54.08   31
54.1    29
54.12   39
54.14   23
54.16   44
54.18   29
54.2    41
54.22   43
54.24   47
54.26   34
54.28   46
54.3    45
54.32   44
54.34   47
54.36   27
54.38   50
54.4    31
54.42   44
54.44   36
54.46   44
54.48   44
54.5    51
54.52   44
54.54   40
54.56   56
54.58   66
54.6    42
54.62   43
54.64   49
54.66   52
54.68   50
54.7    37
54.72   53
54.74   62
54.76   46
54.78   58
54.8    60
54.82   57
54.84   50
54.86   52
54.88   30
54.9    50
54.92   43
54.94   62
54.96   69
54.98   67
55.0    65
55.02   61
55.04   75
55.06   69
55.08   72
55.1    57
55.12   63
55.14   72
55.16   69
55.18   73
55.2    74
55.22   87
55.24   86
55.26   72
55.28   98
55.3    116
55.32   120
55.34   105
55.36   88
55.38   80
55.4    123
55.42   127
55.44   83
55.46   122
55.48   114
55.5    129
55.52   141
55.54   154
55.56   130
55.58   150
55.6    149
55.62   159
55.64   145
55.66   185
55.68   166
55.7    213
55.72   211
55.74   205
55.76   250
55.78   238
55.8    264
55.82   258
55.84   297
55.86   279
55.88   345
55.9    295
55.92   295
55.94   309
55.96   331
55.98   389
56.0    399
56.02   445
56.04   455
56.06   491
56.08   539
56.1    520
56.12   542
56.14   568
56.16   574
56.18   579
56.2    574
56.22   562
56.24   585
56.26   705
56.28   680
56.3    702
56.32   690
56.34   678
56.36   628
56.38   688
56.4    594
56.42   610
56.44   589
56.46   578
56.48   575
56.5    532
56.52   526
56.54   542
56.56   517
56.58   520
56.6    483
56.62   472
56.64   437
56.66   445
56.68   369
56.7    366
56.72   336
56.74   314
56.76   345
56.78   324
56.8    310
56.82   265
56.84   290
56.86   268
56.88   297
56.9    262
56.92   182
56.94   192
56.96   201
56.98   201
57.0    177
57.02   170
57.04   121
57.06   139
57.08   123
57.1    153
57.12   129
57.14   126
57.16   126
57.18   115
57.2    136
57.22   112
57.24   108
57.26   102
57.28   102
57.3    98
57.32   90
57.34   97
57.36   92
57.38   81
57.4    96
57.42   78
57.44   83
57.46   90
57.48   72
57.5    73
57.52   78
57.54   58
57.56   70
57.58   85
57.6    74
57.62   45
57.64   53
57.66   74
57.68   65
57.7    73
57.72   75
57.74   51
57.76   60
57.78   76
57.8    60
57.82   71
57.84   62
57.86   52
57.88   66
57.9    66
57.92   79
57.94   54
57.96   65
57.98   43
58.0    58
58.02   70
58.04   35
58.06   51
58.08   51
58.1    68
58.12   50
58.14   79
58.16   63
58.18   56
58.2    70
58.22   64
58.24   69
58.26   53
58.28   62
58.3    75
58.32   60
58.34   62
58.36   66
58.38   60
58.4    62
58.42   42
58.44   59
58.46   58
58.48   68
58.5    80
58.52   72
58.54   73
58.56   90
58.58   82
58.6    96
58.62   97
58.64   101
58.66   107
58.68   81
58.7    92
58.72   116
58.74   94
58.76   85
58.78   118
58.8    112
58.82   99
58.84   115
58.86   127
58.88   115
58.9    139
58.92   166
58.94   117
58.96   126
58.98   139
59.0    135
59.02   137
59.04   141
59.06   146
59.08   111
59.1    127
59.12   149
59.14   161
59.16   105
59.18   120
59.2    110
59.22   140
59.24   169
59.26   145
59.28   108
59.3    105
59.32   141
59.34   100
59.36   131
59.38   112
59.4    79
59.42   90
59.44   109
59.46   106
59.48   56
59.5    79
59.52   73
59.54   74
59.56   93
59.58   89
59.6    65
59.62   56
59.64   93
59.66   74
59.68   73
59.7    88
59.72   46
59.74   35
59.76   67
59.78   58
59.8    44
59.82   44
59.84   27
59.86   37
59.88   49
59.9    53
59.92   61
59.94   43
59.96   34
59.98   49
60.0    67
60.02   35
60.04   36
60.06   28
60.08   28
60.1    42
60.12   52
60.14   52
60.16   34
60.18   38
60.2    42
60.22   39
60.24   42
60.26   27
60.28   25
60.3    25
60.32   41
60.34   35
60.36   39
60.38   25
60.4    25
60.42   29
60.44   39
60.46   34
60.48   45
60.5    31
60.52   37
60.54   16
60.56   42
60.58   31
60.6    29
60.62   26
60.64   29
60.66   25
60.68   28
60.7    30
60.72   30
60.74   30
60.76   24
60.78   31
60.8    30
60.82   29
60.84   22
60.86   27
60.88   32
60.9    22
60.92   29
60.94   29
60.96   29
60.98   22
61.0    19
61.02   23
61.04   22
61.06   25
61.08   29
61.1    25
61.12   17
61.14   39
61.16   28
61.18   36
61.2    26
61.22   23
61.24   24
61.26   28
61.28   21
61.3    23
61.32   20
61.34   19
61.36   21
61.38   25
61.4    25
61.42   20
61.44   22
61.46   22
61.48   21
61.5    32
61.52   26
61.54   24
61.56   23
61.58   25
61.6    15
61.62   35
61.64   28
61.66   32
61.68   19
61.7    28
61.72   22
61.74   23
61.76   29
61.78   20
61.8    29
61.82   26
61.84   26
61.86   21
61.88   16
61.9    30
61.92   25
61.94   19
61.96   16
61.98   25
62.0    20
62.02   18
62.04   30
62.06   24
62.08   15
62.1    15
62.12   17
62.14   26
62.16   19
62.18   16
62.2    15
62.22   14
62.24   26
62.26   25
62.28   20
62.3    21
62.32   29
62.34   20
62.36   18
62.38   18
62.4    21
62.42   17
62.44   21
62.46   20
62.48   24
62.5    21
62.52   28
62.54   15
62.56   23
62.58   21
62.6    15
62.62   19
62.64   15
62.66   12
62.68   18
62.7    21
62.72   22
62.74   15
62.76   15
62.78   22
62.8    25
62.82   15
62.84   15
62.86   20
62.88   26
62.9    13
62.92   12
62.94   17
62.96   15
62.98   14
63.0    21
63.02   20
63.04   11
63.06   14
63.08   25
63.1    23
63.12   19
63.14   20
63.16   16
63.18   20
63.2    10
63.22   18
63.24   25
63.26   14
63.28   20
63.3    20
63.32   15
63.34   18
63.36   10
63.38   18
63.4    10
63.42   10
63.44   19
63.46   14
63.48   19
63.5    17
63.52   13
63.54   15
63.56   20
63.58   23
63.6    26
63.62   10
63.64   23
63.66   21
63.68   16
63.7    18
63.72   12
63.74   11
63.76   10
63.78   11
63.8    25
63.82   16
63.84   21
63.86   20
63.88   20
63.9    16
63.92   26
63.94   21
63.96   18
63.98   14
64.0    18
64.02   22
64.04   16
64.06   17
64.08   22
64.1    10
64.12   13
64.14   14
64.16   19
64.18   17
64.2    10
64.22   15
64.24   17
64.26   21
64.28   22
64.3    12
64.32   18
64.34   16
64.36   28
64.38   27
64.4    14
64.42   12
64.44   14
64.46   11
64.48   17
64.5    16
64.52   12
64.54   12
64.56   8
64.58   32
64.6    14
64.62   16
64.64   30
64.66   15
64.68   13
64.7    18
64.72   15
64.74   13
64.76   11
64.78   12
64.8    18
64.82   9
64.84   14
64.86   16
64.88   19
64.9    14
64.92   22
64.94   22
64.96   19
64.98   19
65.0    27
65.02   24
65.04   14
65.06   20
65.08   16
65.1    18
65.12   14
65.14   17
65.16   17
65.18   11
65.2    16
65.22   9
65.24   9
65.26   20
65.28   12
65.3    19
65.32   16
65.34   13
65.36   14
65.38   18
65.4    35
65.42   21
65.44   20
65.46   18
65.48   23
65.5    12
65.52   17
65.54   19
65.56   12
65.58   9
65.6    17
65.62   11
65.64   19
65.66   12
65.68   15
65.7    29
65.72   19
65.74   13
65.76   17
65.78   16
65.8    20
65.82   17
65.84   18
65.86   17
65.88   13
65.9    18
65.92   14
65.94   12
65.96   22
65.98   20
66.0    23
66.02   14
66.04   13
66.06   20
66.08   19
66.1    17
66.12   17
66.14   21
66.16   18
66.18   17
66.2    11
66.22   20
66.24   12
66.26   18
66.28   15
66.3    17
66.32   19
66.34   13
66.36   14
66.38   11
66.4    22
66.42   17
66.44   22
66.46   11
66.48   13
66.5    31
66.52   20
66.54   18
66.56   16
66.58   16
66.6    15
66.62   21
66.64   24
66.66   24
66.68   15
66.7    14
66.72   11
66.74   18
66.76   24
66.78   21
66.8    12
66.82   14
66.84   21
66.86   12
66.88   19
66.9    12
66.92   23
66.94   16
66.96   15
66.98   19
67.0    18
67.02   18
67.04   15
67.06   18
67.08   20
67.1    19
67.12   18
67.14   27
67.16   17
67.18   17
67.2    16
67.22   15
67.24   17
67.26   16
67.28   21
67.3    15
67.32   24
67.34   25
67.36   17
67.38   19
67.4    15
67.42   22
67.44   24
67.46   24
67.48   14
67.5    17
67.52   16
67.54   22
67.56   29
67.58   22
67.6    37
67.62   15
67.64   16
67.66   23
67.68   22
67.7    20
67.72   22
67.74   13
67.76   31
67.78   15
67.8    15
67.82   20
67.84   22
67.86   20
67.88   18
67.9    27
67.92   28
67.94   25
67.96   20
67.98   23
68.0    24
68.02   32
68.04   28
68.06   21
68.08   21
68.1    19
68.12   28
68.14   31
68.16   19
68.18   23
68.2    25
68.22   24
68.24   18
68.26   19
68.28   34
68.3    33
68.32   24
68.34   22
68.36   31
68.38   28
68.4    32
68.42   38
68.44   40
68.46   38
68.48   24
68.5    25
68.52   41
68.54   35
68.56   30
68.58   34
68.6    46
68.62   20
68.64   32
68.66   40
68.68   43
68.7    51
68.72   44
68.74   53
68.76   61
68.78   47
68.8    38
68.82   60
68.84   55
68.86   52
68.88   65
68.9    68
68.92   71
68.94   59
68.96   67
68.98   80
69.0    83
69.02   74
69.04   77
69.06   86
69.08   89
69.1    72
69.12   77
69.14   70
69.16   90
69.18   111
69.2    116
69.22   132
69.24   127
69.26   103
69.28   119
69.3    122
69.32   130
69.34   142
69.36   132
69.38   115
69.4    136
69.42   114
69.44   108
69.46   151
69.48   127
69.5    113
69.52   111
69.54   95
69.56   118
69.58   121
69.6    102
69.62   96
69.64   113
69.66   85
69.68   81
69.7    101
69.72   98
69.74   70
69.76   92
69.78   51
69.8    71
69.82   91
69.84   75
69.86   58
69.88   68
69.9    53
69.92   46
69.94   65
69.96   44
69.98   73
70.0    47
70.02   40
70.04   41
70.06   52
70.08   47
70.1    35
70.12   53
70.14   36
70.16   45
70.18   24
70.2    45
70.22   27
70.24   44
70.26   34
70.28   24
70.3    33
70.32   37
70.34   42
70.36   20
70.38   24
70.4    33
70.42   36
70.44   27
70.46   23
70.48   26
70.5    27
70.52   37
70.54   26
70.56   33
70.58   35
70.6    20
70.62   22
70.64   24
70.66   25
70.68   29
70.7    34
70.72   17
70.74   25
70.76   16
70.78   17
70.8    15
70.82   27
70.84   23
70.86   21
70.88   26
70.9    16
70.92   32
70.94   21
70.96   27
70.98   24
71.0    35
71.02   31
71.04   17
71.06   25
71.08   16
71.1    28
71.12   26
71.14   15
71.16   16
71.18   15
71.2    19
71.22   24
71.24   20
71.26   18
71.28   28
71.3    25
71.32   16
71.34   22
71.36   26
71.38   26
71.4    23
71.42   22
71.44   25
71.46   19
71.48   19
71.5    28
71.52   16
71.54   17
71.56   14
71.58   14
71.6    25
71.62   18
71.64   19
71.66   17
71.68   20
71.7    15
71.72   20
71.74   25
71.76   16
71.78   25
71.8    19
71.82   22
71.84   14
71.86   17
71.88   18
71.9    21
71.92   17
71.93   13
71.96   26
71.98   14
72.0    19
72.02   19
72.04   22
72.06   19
72.08   11
72.1    15
72.12   17
72.14   22
72.16   14
72.18   19
72.2    21
72.22   23
72.24   17
72.26   15
72.28   17
72.3    15
72.32   12
72.34   15
72.36   23
72.38   28
72.4    21
72.42   15
72.43   16
72.46   12
72.48   13
72.5    22
72.52   18
72.54   27
72.56   16
72.58   14
72.6    15
72.62   19
72.64   15
72.66   20
72.68   23
72.7    20
72.72   16
72.74   20
72.76   18
72.78   24
72.8    25
72.82   14
72.84   19
72.86   16
72.88   11
72.9    20
72.92   18
72.93   24
72.96   22
72.98   15
73.0    13
73.02   22
73.04   17
73.06   20
73.08   21
73.1    22
73.12   17
73.14   20
73.16   19
73.18   15
73.2    14
73.22   27
73.24   13
73.26   20
73.28   21
73.3    21
73.32   16
73.34   14
73.36   16
73.38   14
73.4    24
73.42   17
73.43   16
73.46   15
73.48   19
73.5    17
73.52   12
73.54   24
73.56   22
73.58   20
73.6    21
73.62   21
73.64   24
73.66   27
73.68   19
73.7    21
73.72   22
73.74   13
73.76   16
73.78   22
73.8    16
73.82   19
73.84   21
73.86   15
73.88   21
73.9    10
73.92   17
73.93   10
73.96   25
73.98   18
74.0    22
74.02   15
74.04   22
74.06   18
74.08   22
74.1    23
74.12   26
74.14   16
74.16   35
74.18   21
74.2    25
74.22   24
74.24   31
74.26   18
74.28   25
74.3    20
74.32   27
74.34   18
74.36   23
74.38   12
74.4    26
74.42   31
74.43   20
74.46   18
74.48   18
74.5    24
74.52   26
74.54   25
74.56   33
74.58   29
74.6    23
74.62   22
74.64   25
74.66   29
74.68   24
74.7    24
74.72   24
74.74   30
74.76   26
74.78   15
74.8    31
74.82   35
74.84   32
74.86   18
74.88   20
74.9    29
74.92   19
74.93   21
74.96   31
74.98   37
75.0    25
75.02   22
75.04   19
75.06   31
75.08   48
75.1    32
75.12   32
75.14   35
75.16   23
75.18   34
75.2    28
75.22   29
75.24   33
75.26   38
75.28   37
75.3    17
75.32   29
75.34   28
75.36   29
75.38   47
75.4    34
75.42   36
75.43   44
75.46   41
75.48   31
75.5    39
75.52   57
75.54   36
75.56   40
75.58   45
75.6    35
75.62   36
75.64   51
75.66   49
75.68   47
75.7    47
75.72   50
75.74   38
75.76   58
75.78   82
75.8    56
75.82   65
75.84   72
75.86   50
75.88   59
75.9    71
75.92   65
75.93   62
75.96   83
75.98   66
76.0    80
76.02   76
76.04   94
76.06   84
76.08   109
76.1    99
76.12   96
76.14   104
76.16   109
76.18   107
76.2    137
76.22   120
76.24   122
76.26   175
76.28   138
76.3    133
76.32   157
76.34   154
76.36   176
76.38   167
76.4    173
76.42   136
76.43   206
76.46   174
76.48   168
76.5    203
76.52   233
76.54   181
76.56   192
76.58   200
76.6    207
76.62   220
76.64   245
76.66   224
76.68   246
76.7    224
76.72   212
76.74   213
76.76   224
76.78   222
76.8    225
76.82   228
76.84   239
76.86   235
76.88   171
76.9    186
76.92   231
76.93   205
76.96   157
76.98   173
77.0    185
77.02   172
77.04   173
77.06   153
77.08   147
77.1    178
77.12   141
77.14   145
77.16   149
77.18   128
77.2    130
77.22   102
77.24   132
77.26   142
77.28   88
77.3    79
77.32   86
77.34   95
77.36   110
77.38   79
77.4    90
77.42   75
77.43   98
77.46   81
77.48   69
77.5    74
77.52   95
77.54   88
77.56   83
77.58   68
77.6    86
77.62   75
77.64   71
77.66   67
77.68   53
77.7    54
77.72   69
77.74   48
77.76   51
77.78   61
77.8    61
77.82   44
77.84   57
77.86   49
77.88   72
77.9    53
77.92   70
77.93   67
77.96   63
77.98   64
78.0    47
78.02   61
78.04   64
78.06   46
78.08   75
78.1    56
78.12   64
78.14   39
78.16   60
78.18   62
78.2    68
78.22   75
78.24   84
78.26   69
78.28   80
78.3    50
78.32   58
78.34   64
78.36   74
78.38   91
78.4    81
78.42   79
78.43   70
78.46   87
78.48   87
78.5    74
78.52   93
78.54   131
78.56   95
78.58   112
78.6    110
78.62   100
78.64   96
78.66   104
78.68   121
78.7    127
78.72   96
78.74   127
78.76   118
78.78   103
78.8    156
78.82   143
78.84   115
78.86   145
78.88   146
78.9    166
78.92   143
78.93   146
78.96   178
78.98   147
79.0    158
79.02   176
79.04   170
79.06   195
79.08   179
79.1    165
79.12   158
79.14   189
79.16   169
79.18   178
79.2    165
79.22   178
79.24   159
79.26   130
79.28   139
79.3    141
79.32   145
79.34   169
79.36   121
79.38   121
79.4    115
79.42   90
79.43   112
79.46   90
79.48   111
79.5    109
79.52   113
79.54   96
79.56   85
79.58   81
79.6    78
79.62   80
79.64   94
79.66   86
79.68   57
79.7    73
79.72   72
79.74   46
79.76   55
79.78   74
79.8    86
79.82   72
79.84   64
79.86   59
79.88   58
79.9    41
79.92   77
79.93   58
79.96   41
79.98   82
80.0    56
